    1,26,01,29,08,58,39,71,0.62,5.00,322.0,20841.000,0.79,6.10,162.0,53,0.067,282,0.052,286,0.040,298,0.038,325,0.033,303,0.024,324,0.030,346,0.037,344,0.023,  0,0.032,  2,0.035,  5,0.021,341,0.021,331,0.021,349,0.010,343,0.022,350,0.017, 17,0.015, 20,0.016, 50,0.017, 57,0.029, 88,0.036, 92,0.040, 84,0.039, 84,0.045, 82,0.036,109,0.036,106,0.031,111,0.031,119,0.040,141,0.034,163,0.053,178,0.036,198,0.039,212,0.033,235,0.023,225,0.028, 67,0.129, 73,0.337, 59,0.391, 55,0.268, 54,0.182, 52,0.095, 54,0.041, 47,0.034, 56,0.045, 87,0.049, 81,0.054, 85,0.070, 79,0.056, 86,0.030, 76,0.035, 82,-32768.000,-32768
<FINISH>
    2,26,01,29,09,28,39,71,0.46,5.40,288.0,20782.000,0.58,5.90,272.0,53,0.043,230,0.041,231,0.044,242,0.039,249,0.034,249,0.034,263,0.019,245,0.016,259,0.013,243,0.011,225,0.003,225,0.015,286,0.014,266,0.005,143,0.000,  0,0.013,252,0.010,287,0.009,270,0.002,297,0.007, 98,0.012,351,0.018, 41,0.014, 65,0.013, 27,0.018, 49,0.023, 65,0.023, 52,0.019, 36,0.024, 30,0.030, 28,0.039, 37,0.028, 19,0.030,356,0.035,  7,0.044,  8,0.044, 17,0.011, 90,0.078, 66,0.203, 52,0.353, 58,0.195, 54,0.147, 56,0.091, 41,0.076, 40,0.057, 49,0.059, 47,0.059, 57,0.050, 53,0.055, 53,0.044, 69,0.048, 60,0.054, 47,-32768.000,-32768
<FINISH>
    3,26,01,29,09,58,39,71,0.51,5.00,106.0,20732.000,0.65,5.70,117.0,53,0.052,277,0.054,277,0.043,277,0.040,273,0.034,280,0.011,322,0.019,339,0.027,340,0.026, 28,0.023, 40,0.009, 58,0.024, 15,0.020, 18,0.021, 25,0.019, 36,0.028, 27,0.026, 31,0.036, 38,0.038, 18,0.033, 31,0.038, 12,0.039, 30,0.036, 62,0.023, 47,0.019, 58,0.020, 41,0.035, 59,0.032, 66,0.031, 77,0.021, 76,0.033, 78,0.027, 82,0.021,101,0.030, 98,0.027,138,0.019,137,0.014,102,0.037, 76,0.034,153,0.181,105,0.061,128,0.065,129,0.048,119,0.039,148,0.031,173,0.047,160,0.032,136,0.015,138,0.015,138,0.016,150,0.016,137,0.018,135,-32768.000,-32768
<FINISH>
    4,26,01,29,10,28,39,71,0.57,5.00,324.0,20691.000,0.72,5.90,220.0,53,0.027,237,0.044,247,0.052,252,0.048,265,0.044,261,0.030,276,0.041,285,0.036,270,0.031,253,0.027,234,0.020,243,0.019,238,0.016,215,0.003,288,0.010,253,0.013,293,0.021,343,0.011, 22,0.011, 22,0.021,  8,0.025,  7,0.026,  7,0.039, 10,0.046, 14,0.049, 15,0.048, 27,0.054, 37,0.049, 33,0.037, 29,0.047, 25,0.037, 24,0.026, 18,0.016, 30,0.024, 48,0.020, 66,0.013, 27,0.043,167,0.156,169,0.171,160,0.193,166,0.168,187,0.121,182,0.060,162,0.051,157,0.039,148,0.046,164,0.039,159,0.045,172,0.046,169,0.050,180,0.039,179,0.053,178,-32768.000,-32768
<FINISH>
    5,26,01,29,10,58,39,71,0.41,14.90,98.0,20661.000,0.52,6.70,49.0,53,0.042,270,0.041,271,0.029,262,0.037,275,0.027,283,0.029,256,0.018,270,0.025,259,0.027,253,0.014,236,0.019,238,0.009,333,0.020,250,0.014,282,0.010,299,0.018,276,0.015,270,0.016,263,0.012,279,0.018,338,0.022,300,0.017,335,0.018,338,0.008, 40,0.006,329,0.012,351,0.011, 41,0.011, 45,0.014, 73,0.017, 69,0.012, 76,0.018, 63,0.031, 57,0.050, 38,0.016, 30,0.022, 60,0.121,172,0.409,167,0.590,155,0.616,156,0.550,174,0.470,175,0.357,166,0.291,163,0.260,165,0.228,165,0.218,163,0.195,162,0.178,154,0.169,165,0.141,164,0.127,157,-32768.000,-32768
<FINISH>
    6,26,01,29,11,28,39,71,0.51,5.20,236.0,20647.000,0.65,5.80,220.0,53,0.043,273,0.045,283,0.036,283,0.041,292,0.037,303,0.040,289,0.033,290,0.039,296,0.019,317,0.017,315,0.022,336,0.035,335,0.020,330,0.019, 32,0.018,313,0.016,305,0.012,329,0.001,315,0.002,243,0.016,158,0.015,143,0.014,141,0.018,214,0.015,184,0.017,193,0.023,187,0.027,197,0.032,208,0.023,203,0.021,209,0.023,190,0.021,219,0.008,247,0.013,309,0.024,  9,0.038, 79,0.184,142,0.419,152,0.527,144,0.521,145,0.480,151,0.394,157,0.350,150,0.313,143,0.282,142,0.246,142,0.225,140,0.205,145,0.169,139,0.170,146,0.155,144,0.131,140,-32768.000,-32768
<FINISH>
    7,26,01,29,11,58,39,71,0.52,5.70,334.0,20648.000,0.66,6.00,346.0,53,0.023,195,0.035,226,0.028,232,0.031,263,0.026,274,0.027,257,0.038,277,0.042,284,0.027,272,0.025,291,0.021,332,0.006,329,0.028,325,0.029,326,0.020,  0,0.014,352,0.012,  5,0.015,344,0.025,299,0.018,313,0.016,248,0.018,225,0.018,229,0.032,235,0.031,233,0.029,229,0.033,230,0.030,220,0.033,223,0.020,229,0.029,258,0.017,260,0.019,313,0.017, 17,0.024,355,0.045,121,0.121,160,0.305,161,0.623,145,0.653,150,0.640,160,0.540,182,0.336,168,0.246,159,0.196,158,0.152,150,0.133,149,0.117,160,0.108,158,0.121,166,0.107,168,0.107,156,-32768.000,-32768
<FINISH>
    8,26,01,29,12,28,39,71,0.42,14.90,12.0,20650.000,0.54,6.90,10.0,53,0.018,183,0.033,189,0.040,193,0.044,210,0.050,221,0.048,218,0.041,208,0.045,228,0.044,245,0.041,248,0.044,273,0.035,257,0.038,275,0.029,278,0.035,299,0.026,288,0.021,298,0.016,313,0.023,293,0.024,303,0.021,313,0.013,302,0.024,312,0.024,270,0.041,281,0.026,272,0.024,308,0.025,254,0.032,283,0.017,303,0.015,  4,0.011, 38,0.012, 55,0.016,105,0.027,144,0.031,121,0.141,155,0.308,177,0.532,157,0.544,152,0.434,176,0.307,183,0.208,168,0.186,169,0.170,168,0.160,166,0.138,167,0.126,165,0.118,164,0.111,169,0.105,166,0.107,153,-32768.000,-32768
<FINISH>
    9,26,01,29,12,58,39,71,0.47,5.90,114.0,20698.000,0.60,6.20,31.0,53,0.010,186,0.022,204,0.023,218,0.037,216,0.039,211,0.035,192,0.039,201,0.055,221,0.045,200,0.044,218,0.049,206,0.042,202,0.039,217,0.040,233,0.028,244,0.037,251,0.029,274,0.036,273,0.039,301,0.040,309,0.032,324,0.027,306,0.027,326,0.017,335,0.016,345,0.021,321,0.015,298,0.015,274,0.015,312,0.018,276,0.022,324,0.018, 45,0.026, 77,0.039, 64,0.032, 68,0.013, 99,0.075,137,0.160,188,0.224,181,0.267,175,0.235,173,0.130,180,0.096,172,0.097,175,0.071,164,0.063,172,0.056,184,0.053,201,0.045,188,0.034,192,0.034,188,0.039,181,-32768.000,-32768
<FINISH>
   10,26,01,29,13,28,39,71,0.54,5.20,102.0,20786.000,0.69,6.30,75.0,53,0.026, 90,0.019,102,0.023, 92,0.026, 90,0.022,103,0.016, 94,0.012,149,0.007,117,0.023,165,0.002,207,0.018,227,0.023,229,0.017,320,0.025,299,0.037,292,0.048,300,0.041,298,0.049,284,0.046,296,0.043,296,0.040,289,0.051,299,0.054,316,0.033,313,0.043,304,0.045,318,0.045,316,0.041,317,0.047,326,0.036,342,0.033, 35,0.048, 36,0.028, 45,0.016,120,0.022, 98,0.020, 96,0.080,176,0.250,195,0.539,197,0.615,206,0.653,203,0.600,201,0.382,197,0.270,201,0.228,201,0.216,203,0.204,211,0.186,207,0.168,209,0.132,211,0.114,217,0.087,217,-32768.000,-32768
<FINISH>
   11,26,01,29,13,58,39,71,0.60,5.70,136.0,20841.000,0.77,6.50,133.0,53,0.034,122,0.032,114,0.031,130,0.040,125,0.041,133,0.049,133,0.040,140,0.036,167,0.043,164,0.057,173,0.051,180,0.055,177,0.051,184,0.052,198,0.054,187,0.041,177,0.031,178,0.038,186,0.035,185,0.033,211,0.022,223,0.026,233,0.039,253,0.039,280,0.034,272,0.037,287,0.032,283,0.039,316,0.030,319,0.041,334,0.021,321,0.041,335,0.033,335,0.048,348,0.050,357,0.067,  4,0.036,216,0.222,198,0.530,209,0.646,215,0.697,215,0.609,212,0.370,215,0.257,218,0.211,224,0.197,222,0.205,222,0.178,219,0.157,221,0.135,216,0.135,217,0.101,217,-32768.000,-32768
<FINISH>
   12,26,01,29,14,28,39,71,0.48,5.40,22.0,20913.000,0.61,6.20,8.0,53,0.021, 61,0.013, 27,0.027, 82,0.014, 94,0.023,135,0.020,110,0.027,135,0.034,180,0.022,193,0.033,164,0.034,159,0.036,157,0.040,171,0.054,165,0.047,180,0.043,169,0.041,164,0.020,177,0.033,168,0.039,180,0.027,146,0.035,175,0.030,203,0.025,209,0.015,222,0.015,247,0.021,253,0.028,314,0.028,337,0.023,355,0.025, 21,0.023, 23,0.016,101,0.030,159,0.044,159,0.037,177,0.086,169,0.203,174,0.502,190,0.400,203,0.310,207,0.207,216,0.119,204,0.109,203,0.120,202,0.117,204,0.126,209,0.121,212,0.098,208,0.091,205,0.097,204,0.077,206,-32768.000,-32768
<FINISH>
   13,26,01,29,14,58,39,71,0.50,5.20,104.0,21026.000,0.63,5.70,33.0,53,0.026,152,0.016,133,0.024,123,0.021,149,0.006, 81,0.012,132,0.006,231,0.013,176,0.011, 56,0.010,  6,0.010,101,0.007,225,0.021,151,0.018,142,0.023,151,0.036,194,0.030,204,0.023,205,0.030,204,0.021,215,0.019,235,0.026,211,0.018,193,0.032,180,0.013,193,0.007,236,0.009, 41,0.015,169,0.018,311,0.016,308,0.028,350,0.033,  0,0.046,  5,0.028,  8,0.019, 43,0.017,159,0.022,159,0.047,174,0.123,201,0.121,234,0.134,236,0.093,221,0.044,179,0.019,180,0.019,189,0.027,184,0.017,187,0.021,188,0.024,237,0.021,235,0.010,246,0.016,180,-32768.000,-32768
<FINISH>
   14,26,01,29,15,28,39,71,0.54,5.00,58.0,21141.000,0.69,6.10,30.0,53,0.039, 75,0.033, 87,0.040, 74,0.034, 66,0.036, 60,0.040, 68,0.029, 74,0.034, 69,0.032, 68,0.028, 72,0.030, 84,0.034, 98,0.030,107,0.017,123,0.025,127,0.024,105,0.005,101,0.004,135,0.012,121,0.015,113,0.014,120,0.031,149,0.024,144,0.024,147,0.014,141,0.022,120,0.015, 82,0.014, 54,0.024, 35,0.027,  2,0.026, 54,0.020, 90,0.029,149,0.028,135,0.026,157,0.043,203,0.020,195,0.065, 56,0.214, 52,0.416, 38,0.430, 47,0.271, 52,0.204, 50,0.143, 50,0.132, 56,0.119, 54,0.130, 50,0.113, 46,0.103, 41,0.107, 39,0.092, 33,0.083, 32,-32768.000,-32768
<FINISH>
   15,26,01,29,15,58,39,71,0.52,5.20,285.0,21245.000,0.65,5.90,249.0,53,0.037, 57,0.030, 50,0.033, 45,0.032, 30,0.016, 50,0.011, 95,0.027,110,0.045,137,0.037,146,0.058,143,0.056,160,0.067,152,0.078,148,0.065,143,0.063,141,0.059,138,0.053,136,0.052,133,0.060,131,0.066,135,0.067,139,0.068,136,0.067,132,0.068,140,0.064,137,0.050,133,0.042,133,0.041,151,0.021,143,0.017,152,0.001,135,0.014,306,0.021,  3,0.032,338,0.021,352,0.035, 25,0.064, 30,0.062,117,0.104,136,0.220, 85,0.226, 51,0.250, 64,0.285, 84,0.228, 90,0.190, 89,0.162, 93,0.138, 95,0.107, 88,0.084, 85,0.075, 91,0.063, 95,0.041,105,-32768.000,-32768
<FINISH>
   16,26,01,29,16,28,39,71,0.44,5.20,166.0,21336.000,0.56,6.60,198.0,53,0.017,  7,0.036, 16,0.030,354,0.035,358,0.040, 12,0.020, 30,0.019, 25,0.012, 66,0.012, 42,0.012, 90,0.016, 75,0.008,120,0.012, 90,0.009,103,0.016,150,0.022,122,0.013,138,0.016,140,0.021,133,0.019,118,0.028, 80,0.026, 53,0.023, 70,0.028, 52,0.020, 49,0.019, 51,0.013, 51,0.017,118,0.012,145,0.017,147,0.024,187,0.041,200,0.045,186,0.061,171,0.069,175,0.053,157,0.041,143,0.068, 84,0.117, 75,0.296, 52,0.456, 31,0.434, 46,0.406, 57,0.306, 59,0.268, 56,0.230, 62,0.182, 61,0.173, 58,0.123, 61,0.108, 53,0.091, 57,0.082, 57,-32768.000,-32768
<FINISH>
   17,26,01,29,16,58,39,71,0.60,14.90,22.0,21433.000,0.76,6.10,34.0,53,0.003, 72,0.016, 90,0.015, 79,0.025, 90,0.022, 74,0.025, 90,0.019, 62,0.021, 79,0.015,138,0.016,191,0.028,165,0.041,169,0.051,174,0.054,177,0.036,189,0.043,202,0.039,212,0.036,207,0.034,220,0.023,236,0.031,253,0.021,241,0.013,252,0.007,106,0.026, 86,0.047, 65,0.043, 72,0.035, 68,0.031, 65,0.015,138,0.032,208,0.035,207,0.040,186,0.028,186,0.029,164,0.039,143,0.038,119,0.072, 72,0.145, 82,0.347, 64,0.417, 31,0.528, 46,0.533, 65,0.366, 72,0.325, 67,0.251, 65,0.222, 69,0.209, 70,0.157, 68,0.115, 69,0.070, 78,0.070, 69,-32768.000,-32768
<FINISH>
   18,26,01,29,17,28,39,71,0.46,5.40,206.0,21506.000,0.58,6.50,240.0,53,0.033, 90,0.024,105,0.041,113,0.033,110,0.033,110,0.015,127,0.026,118,0.023,113,0.028,135,0.019,129,0.027,147,0.046,173,0.043,168,0.044,174,0.029,144,0.026,101,0.018,142,0.009, 63,0.016, 15,0.002,180,0.018,139,0.015,110,0.022,122,0.022,114,0.026, 69,0.040, 67,0.059, 75,0.045, 82,0.031, 84,0.019,129,0.021,219,0.038,229,0.020,189,0.010,204,0.009, 77,0.010,101,0.023, 90,0.053, 88,0.098, 91,0.231, 83,0.350, 47,0.407, 62,0.271, 79,0.214, 77,0.200, 83,0.181, 86,0.146, 81,0.140, 77,0.124, 82,0.110, 74,0.078, 91,0.064, 78,-32768.000,-32768
<FINISH>
   19,26,01,29,17,58,39,71,0.52,5.90,274.0,21561.000,0.66,6.20,311.0,53,0.030, 96,0.012, 90,0.010, 79,0.011,142,0.020,120,0.018,139,0.030,138,0.033,164,0.042,147,0.035,158,0.049,166,0.040,161,0.042,161,0.046,161,0.034,172,0.034,172,0.033,224,0.012,222,0.003,270,0.003,342,0.018, 43,0.029, 68,0.020, 53,0.029, 61,0.026, 59,0.026, 50,0.028, 39,0.045, 50,0.029, 55,0.010, 29,0.003,288,0.019,201,0.017,167,0.029,155,0.031,158,0.025,138,0.027,118,0.057,130,0.115, 87,0.349, 88,0.454, 61,0.500, 60,0.456, 63,0.387, 74,0.311, 81,0.256, 82,0.231, 84,0.182, 81,0.148, 81,0.125, 82,0.094, 88,0.087, 81,-32768.000,-32768
<FINISH>
   20,26,01,29,18,28,39,71,0.42,5.90,322.0,21587.000,0.54,6.80,147.0,53,0.019, 87,0.026, 90,0.018, 99,0.021,118,0.015,106,0.019, 99,0.018,124,0.016,117,0.019,145,0.023,155,0.027,167,0.031,140,0.027,135,0.033,159,0.021,145,0.018,171,0.011,170,0.005, 90,0.013, 48,0.017, 90,0.026, 94,0.017, 69,0.019, 25,0.028, 72,0.033, 40,0.042, 48,0.051, 59,0.047, 67,0.034, 66,0.016, 45,0.004,146,0.006,149,0.023,137,0.033,128,0.038,150,0.040,132,0.014,163,0.066,108,0.126,109,0.259,101,0.392, 76,0.501, 69,0.448, 77,0.337, 80,0.321, 82,0.274, 89,0.250, 90,0.220, 88,0.176, 90,0.141, 85,0.109, 94,0.082,105,-32768.000,-32768
<FINISH>
   21,26,01,29,18,58,39,71,0.51,13.40,110.0,21588.000,0.65,6.20,141.0,53,0.018, 68,0.020, 60,0.026, 69,0.022, 98,0.006,135,0.017,135,0.022,137,0.025,159,0.034,163,0.033,159,0.027,144,0.020,139,0.028,150,0.039,148,0.024,144,0.035,156,0.026,164,0.025,185,0.003,198,0.013,122,0.009,159,0.005,349,0.009,297,0.008,346,0.021, 45,0.026, 21,0.036, 52,0.031, 54,0.048, 67,0.052, 50,0.047, 21,0.038,355,0.032, 13,0.020, 11,0.016,  0,0.010, 61,0.002,333,0.058,110,0.153,101,0.240, 92,0.298, 56,0.339, 67,0.321, 76,0.232, 73,0.239, 84,0.222, 89,0.178, 78,0.158, 84,0.116, 82,0.124, 80,0.106, 87,0.111, 91,-32768.000,-32768
<FINISH>
   22,26,01,29,19,28,39,71,0.64,5.00,16.0,21559.000,0.82,5.50,8.0,53,0.021, 98,0.019,108,0.023,124,0.020,143,0.019,129,0.019,155,0.018,171,0.021,185,0.027,180,0.019,137,0.031,159,0.041,169,0.047,153,0.040,153,0.042,146,0.037,135,0.031,138,0.019,159,0.030,150,0.030,138,0.014,159,0.021,191,0.010,169,0.013,176,0.011,128,0.023, 65,0.041, 39,0.044, 43,0.043, 49,0.061, 40,0.080, 25,0.081, 11,0.096,  7,0.088, 19,0.080, 18,0.062, 10,0.049,  6,0.047, 70,0.153,114,0.146,114,0.139, 70,0.136, 79,0.105, 93,0.038, 45,0.044, 81,0.055, 53,0.072, 58,0.067, 62,0.078, 67,0.085, 69,0.080, 71,0.071, 88,-32768.000,-32768
<FINISH>
   23,26,01,29,19,58,39,71,0.53,5.00,24.0,21520.000,0.67,6.20,355.0,53,0.011, 95,0.016, 60,0.006,149,0.006, 99,0.017,111,0.010,174,0.006,135,0.024,161,0.030,197,0.031,176,0.029,182,0.026,201,0.043,183,0.038,191,0.035,185,0.022,146,0.013,167,0.009,167,0.017,114,0.034, 92,0.024, 97,0.036,117,0.028,  6,0.071, 26,0.081, 12,0.067, 32,0.060, 18,0.114, 12,0.148, 15,0.221, 22,0.363, 24,0.524, 22,0.646, 20,0.639, 20,0.486, 17,0.324, 19,0.200,  3,0.064, 26,0.106, 74,0.197, 37,0.292, 25,0.252, 28,0.197, 25,0.179, 22,0.186, 16,0.248, 19,0.368, 25,0.525, 27,0.603, 26,0.653, 27,0.649, 24,0.579, 27,-32768.000,-32768
<FINISH>
   24,26,01,29,20,28,39,71,0.45,14.90,204.0,21462.000,0.57,7.70,149.0,53,0.007,153,0.007,146,0.004,135,0.003,108,0.021,223,0.013,219,0.007,207,0.032,208,0.029,216,0.047,226,0.028,252,0.034,212,0.044,204,0.037,215,0.040,227,0.023,239,0.024,234,0.017,230,0.004, 76,0.038,  0,0.073,  9,0.106,353,0.104,  6,0.088,  5,0.116, 12,0.133, 36,0.204, 30,0.240, 26,0.323, 24,0.370, 19,0.448, 17,0.481, 19,0.487, 19,0.474, 15,0.476, 14,0.410, 16,0.337, 15,0.143, 40,0.113, 48,0.282, 25,0.343, 13,0.312, 11,0.268, 12,0.299, 12,0.360, 15,0.415, 16,0.453, 16,0.477, 17,0.468, 20,0.449, 21,0.424, 22,0.379, 24,-32768.000,-32768
<FINISH>
   25,26,01,29,20,58,39,71,0.50,14.90,349.0,21384.000,0.63,6.00,324.0,53,0.013,212,0.009,117,0.008,140,0.002, 90,0.001, 90,0.008,220,0.005,217,0.022,246,0.014,258,0.023,229,0.030,217,0.021,209,0.047,222,0.035,229,0.041,225,0.035,217,0.021,209,0.015,247,0.013,274,0.017,339,0.047, 13,0.082, 29,0.117, 37,0.130, 43,0.136, 46,0.183, 47,0.187, 44,0.233, 42,0.252, 36,0.247, 31,0.249, 25,0.232, 21,0.221, 17,0.206, 18,0.196,  9,0.156,  0,0.147,  1,0.040, 10,0.111, 54,0.303, 17,0.397, 16,0.320, 15,0.227, 20,0.175, 11,0.197, 13,0.177,  8,0.204, 13,0.217, 18,0.216, 15,0.215, 21,0.221, 25,0.197, 24,-32768.000,-32768
<FINISH>
   26,26,01,29,21,28,39,71,0.39,5.00,190.0,21281.000,0.50,6.70,200.0,53,0.060,294,0.061,279,0.061,268,0.059,269,0.040,274,0.033,272,0.032,270,0.034,277,0.027,276,0.019,298,0.018,313,0.025,323,0.020,345,0.034, 43,0.038, 47,0.039, 54,0.058, 55,0.064, 58,0.073, 54,0.079, 50,0.093, 50,0.084, 47,0.094, 41,0.084, 42,0.080, 33,0.082, 39,0.079, 42,0.065, 32,0.058, 29,0.063, 31,0.048, 30,0.034,353,0.054,  2,0.080,350,0.071,349,0.064,356,0.066,339,0.054,313,0.098, 38,0.284, 17,0.343, 18,0.241, 33,0.173, 31,0.126, 17,0.095, 23,0.117, 33,0.101, 38,0.114, 36,0.114, 41,0.100, 38,0.114, 31,0.101, 34,-32768.000,-32768
<FINISH>
   27,26,01,29,21,58,39,71,0.57,5.40,101.0,21175.000,0.72,5.80,75.0,53,0.000,  0,0.012,256,0.007,254,0.013,212,0.003,270,0.010,299,0.011,255,0.019,267,0.023,250,0.025,243,0.017,242,0.039,220,0.027,231,0.020,174,0.019,192,0.005,270,0.007,243,0.008,140,0.004,135,0.024,  7,0.033, 33,0.032, 30,0.040, 23,0.027, 28,0.017, 33,0.028, 75,0.020, 66,0.014,129,0.013, 63,0.024, 81,0.014,135,0.018,261,0.028,302,0.078,324,0.085,308,0.103,331,0.087,349,0.051,318,0.103, 58,0.275, 25,0.313, 27,0.181, 20,0.144,355,0.116,349,0.101,344,0.087,353,0.081,  0,0.063,345,0.053,  0,0.059, 37,0.046, 49,0.046, 94,-32768.000,-32768
<FINISH>
   28,26,01,29,22,28,39,71,0.44,5.00,70.0,21062.000,0.56,6.70,251.0,53,0.033,221,0.039,212,0.042,210,0.052,220,0.056,224,0.057,230,0.049,224,0.055,222,0.052,236,0.040,233,0.052,224,0.072,229,0.060,230,0.064,228,0.071,218,0.074,227,0.065,229,0.054,222,0.039,226,0.036,228,0.030,228,0.025,225,0.009,339,0.010,217,0.018,214,0.015,208,0.027,135,0.018, 90,0.026,108,0.041,106,0.039, 81,0.036, 51,0.047, 48,0.040, 45,0.043, 37,0.039, 27,0.061, 11,0.078, 36,0.114, 32,0.187, 27,0.164, 35,0.091, 46,0.061, 52,0.052, 40,0.063, 23,0.035, 20,0.057, 45,0.050, 37,0.042, 28,0.034, 23,0.051, 38,0.037, 47,-32768.000,-32768
<FINISH>
   29,26,01,29,22,58,39,71,0.46,14.90,169.0,20963.000,0.58,6.30,174.0,53,0.053,193,0.064,196,0.052,204,0.051,208,0.050,205,0.060,210,0.059,206,0.054,218,0.057,219,0.061,220,0.058,214,0.059,210,0.061,213,0.065,221,0.064,212,0.069,210,0.052,208,0.032,204,0.019,198,0.006,108,0.040, 84,0.046, 41,0.040, 55,0.062, 57,0.064, 54,0.069, 56,0.067, 52,0.073, 52,0.081, 39,0.063, 33,0.067,  5,0.048,  2,0.048,339,0.042,338,0.055,334,0.055,350,0.019, 54,0.066, 48,0.366, 62,0.440, 53,0.422, 55,0.223, 32,0.140, 27,0.110, 25,0.099, 34,0.097, 41,0.088, 36,0.098, 48,0.096, 46,0.095, 56,0.087, 56,0.061, 60,-32768.000,-32768
<FINISH>
   30,26,01,29,23,28,39,71,0.55,5.00,302.0,20858.000,0.69,6.00,297.0,53,0.030, 28,0.010, 37,0.014, 54,0.008, 45,0.016, 35,0.008,180,0.012, 90,0.009,108,0.001,  0,0.003, 72,0.006,180,0.021,199,0.015,212,0.017,253,0.018,223,0.019,235,0.028,232,0.029,234,0.024,246,0.011,218,0.011,202,0.016,345,0.014,330,0.016,305,0.008,210,0.036,198,0.023,175,0.042,168,0.061,165,0.069,167,0.072,192,0.061,218,0.053,236,0.048,286,0.043,294,0.026, 36,0.038, 72,0.080, 72,0.162, 69,0.170, 30,0.121, 41,0.082,358,0.078, 30,0.041, 51,0.044, 67,0.052, 91,0.045,102,0.050,102,0.064, 94,0.058, 87,0.037,158,0.079,171,-32768.000,-32768
<FINISH>
   31,26,01,29,23,58,39,71,0.43,14.90,194.0,20750.000,0.55,6.90,123.0,53,0.013,225,0.019,205,0.021,256,0.008,277,0.012,222,0.016,243,0.011,214,0.021,229,0.027,237,0.022,216,0.022,248,0.025,249,0.026,233,0.035,211,0.021,217,0.016,215,0.014,234,0.018,261,0.009,207,0.016,180,0.019,164,0.010,180,0.014,141,0.023,162,0.033,137,0.038,137,0.044,122,0.052,106,0.051,100,0.048,112,0.041,108,0.026,129,0.033,130,0.019,254,0.066,277,0.024,358,0.075,137,0.107,134,0.148, 71,0.203, 46,0.120, 58,0.138, 26,0.116, 15,0.092, 20,0.057, 42,0.070, 50,0.066, 78,0.084, 98,0.062, 97,0.066,121,0.049,109,0.052,131,-32768.000,-32768
<FINISH>
   32,26,01,30,00,28,39,71,0.46,14.90,4.0,20683.000,0.58,6.30,61.0,53,0.029, 12,0.020, 15,0.022, 16,0.007,188,0.017, 57,0.009, 27,0.004,315,0.008,320,0.007,278,0.006,329,0.017,260,0.009,207,0.009,252,0.026,216,0.028,224,0.020,204,0.025,214,0.024,185,0.025,196,0.033,187,0.014,180,0.012,211,0.030,197,0.022,162,0.021,191,0.027,214,0.031,182,0.055,197,0.029,196,0.033,245,0.026,263,0.043,275,0.051,281,0.046,283,0.067,298,0.044, 23,0.064,106,0.138, 75,0.157, 58,0.151, 47,0.086, 33,0.062,342,0.063,  4,0.038,  2,0.038, 55,0.048, 31,0.042, 71,0.039, 86,0.051, 70,0.034, 78,0.035,112,0.030,168,-32768.000,-32768
<FINISH>
   33,26,01,30,00,58,39,71,0.55,5.00,338.0,20626.000,0.69,6.40,326.0,53,0.017, 50,0.015, 28,0.013, 18,0.004,243,0.011, 56,0.007,  0,0.008,187,0.016,225,0.023,175,0.037,183,0.024,202,0.037,200,0.031,216,0.034,192,0.033,189,0.030,195,0.030,225,0.031,216,0.031,239,0.034,212,0.035,221,0.032,240,0.025,228,0.025,243,0.031,245,0.023,232,0.023,236,0.016,230,0.021,217,0.012,239,0.021,247,0.025,277,0.038,279,0.022,313,0.031,339,0.006,239,0.019,  6,0.059, 65,0.181,  4,0.162, 10,0.100,336,0.083,338,0.057,  6,0.060,  8,0.041, 17,0.039,  4,0.038,345,0.029,348,0.043,326,0.029,306,0.005,349,0.013, 29,-32768.000,-32768
<FINISH>
   34,26,01,30,01,28,39,71,0.30,14.90,352.0,20588.000,0.39,7.10,72.0,53,0.019, 58,0.017, 87,0.017, 87,0.014,107,0.015,127,0.020,160,0.015,191,0.011,207,0.014,188,0.008,157,0.013,193,0.015,266,0.011,255,0.028,219,0.019,212,0.023,247,0.016,240,0.009,234,0.010,264,0.007,254,0.008,270,0.001,270,0.007,180,0.015, 86,0.016,135,0.020,131,0.009,122,0.011,124,0.024,144,0.028,174,0.035,193,0.018,174,0.013,193,0.036,284,0.027,272,0.027,216,0.044,121,0.081,136,0.078,353,0.126,  8,0.029,306,0.014,321,0.018,311,0.023,320,0.021,270,0.032,270,0.019,335,0.017,273,0.023,295,0.022,223,0.029,211,0.015,176,-32768.000,-32768
<FINISH>
   35,26,01,30,01,58,39,71,0.44,5.70,263.0,20569.000,0.55,6.30,350.0,53,0.018, 84,0.013,117,0.013, 72,0.015, 48,0.005,180,0.007, 74,0.002, 63,0.021, 47,0.006, 81,0.020,311,0.018,326,0.007,333,0.013,266,0.008,277,0.009,302,0.008,  7,0.001, 45,0.011, 95,0.011, 75,0.009,108,0.016,150,0.021, 67,0.014, 86,0.017,135,0.034,120,0.035,114,0.042,142,0.042,150,0.056,147,0.036,164,0.025,162,0.015,169,0.003,225,0.011,304,0.009, 49,0.038,131,0.134,110,0.154,104,0.201, 76,0.207, 66,0.082, 70,0.029, 80,0.041,105,0.055, 88,0.058, 94,0.066,103,0.078,110,0.065,117,0.056,106,0.069,123,0.075,131,0.059,132,-32768.000,-32768
<FINISH>
   36,26,01,30,02,28,39,71,0.45,14.90,296.0,20587.000,0.57,6.80,229.0,53,0.015, 48,0.012, 81,0.010,101,0.018,133,0.008, 23,0.002,333,0.012,305,0.007,278,0.010,287,0.008, 45,0.016,300,0.023,311,0.015,298,0.017,294,0.021,293,0.020,281,0.008,353,0.013,231,0.010, 96,0.016,120,0.020,110,0.017,123,0.019,106,0.014,107,0.027,112,0.020, 87,0.028, 86,0.037, 99,0.033,106,0.046,139,0.051,149,0.046,153,0.008,203,0.003,288,0.010,174,0.008,180,0.039,138,0.059,147,0.093, 12,0.123,  9,0.048,330,0.038, 45,0.018, 29,0.023,340,0.040,  3,0.006,252,0.037,174,0.037,160,0.024,163,0.030,168,0.019,168,0.032,145,-32768.000,-32768
<FINISH>
   37,26,01,30,02,58,39,71,0.55,5.00,356.0,20634.000,0.70,6.10,132.0,53,0.011,105,0.025,151,0.016,135,0.020,131,0.007,172,0.020,123,0.015,138,0.010,143,0.014,102,0.011, 15,0.008,293,0.011,292,0.017,287,0.007,270,0.016,346,0.013,288,0.009,270,0.009,252,0.004,124,0.024,118,0.012,156,0.017,152,0.020,147,0.034,111,0.024,142,0.031,144,0.004,284,0.006,162,0.007,286,0.024,289,0.040,252,0.035,230,0.037,235,0.020,345,0.020,294,0.035,355,0.025, 97,0.057, 67,0.122, 12,0.135, 15,0.075,  8,0.038,331,0.017,303,0.023, 15,0.020, 41,0.025, 63,0.029, 36,0.028, 45,0.035,358,0.014, 54,0.016,313,0.024,152,-32768.000,-32768
<FINISH>
   38,26,01,30,03,28,39,71,0.48,5.70,148.0,20667.000,0.61,6.10,227.0,53,0.005, 90,0.010,101,0.000,  0,0.005, 90,0.008, 50,0.015,340,0.016,345,0.015,  0,0.012, 31,0.019,279,0.012,329,0.038,327,0.023,347,0.018,326,0.012,305,0.027,329,0.035,295,0.026,298,0.013,328,0.019,332,0.011,355,0.017, 90,0.021,119,0.027,135,0.048,131,0.035,137,0.057,144,0.049,147,0.048,141,0.063,146,0.045,134,0.030,118,0.017,118,0.015,164,0.009,264,0.009, 32,0.064,118,0.084, 93,0.166, 64,0.238, 51,0.140, 58,0.105, 72,0.071, 90,0.055, 95,0.047, 83,0.049, 85,0.042, 73,0.044,106,0.030, 86,0.019, 54,0.019,122,0.024,102,-32768.000,-32768
<FINISH>
   39,26,01,30,03,58,39,71,0.51,14.90,206.0,20713.000,0.65,6.70,198.0,53,0.012,180,0.004,225,0.005, 68,0.010, 11,0.004,297,0.017, 24,0.016, 63,0.005,281,0.012, 24,0.014,315,0.016,353,0.022,291,0.010,294,0.019,321,0.023,329,0.013,283,0.012,346,0.018, 47,0.013, 18,0.007, 90,0.007,117,0.035,133,0.043,128,0.037,142,0.053,147,0.056,156,0.050,139,0.051,135,0.051,127,0.036,143,0.045,106,0.045, 91,0.040, 89,0.032,101,0.001, 45,0.013,148,0.055, 88,0.084, 62,0.077, 50,0.074, 59,0.025, 42,0.016, 18,0.012, 76,0.006, 81,0.021, 93,0.054, 80,0.047, 79,0.045, 81,0.055, 90,0.030, 98,0.011, 95,0.026,130,-32768.000,-32768
<FINISH>
   40,26,01,30,04,28,39,71,0.56,5.00,334.0,20802.000,0.71,6.50,351.0,53,0.009,354,0.015, 11,0.020,  3,0.022,344,0.019,  6,0.016,322,0.012,355,0.019,357,0.023,313,0.024,322,0.017,353,0.015,298,0.025,310,0.004,315,0.004,346,0.004,270,0.006,351,0.013,231,0.017,155,0.026,178,0.037,145,0.051,145,0.064,141,0.068,148,0.069,144,0.056,131,0.054,145,0.053,150,0.044,121,0.053,107,0.051, 98,0.048, 82,0.033, 90,0.008,  0,0.044,279,0.009,139,0.056,119,0.107,101,0.099, 58,0.112, 55,0.057, 31,0.040, 49,0.022, 56,0.006,129,0.014,129,0.047,113,0.067,101,0.084,102,0.082, 96,0.052,121,0.052,122,0.065,133,-32768.000,-32768
<FINISH>
   41,26,01,30,04,58,39,71,0.63,5.00,296.0,20871.000,0.80,6.00,293.0,53,0.024,336,0.029,350,0.023,350,0.033,333,0.034,343,0.025,342,0.026,337,0.031,302,0.017,303,0.023,308,0.017,327,0.012,340,0.011,322,0.013,309,0.014,278,0.008,173,0.016,173,0.026,140,0.039,150,0.025,143,0.036,150,0.040,137,0.053,129,0.054,118,0.047,118,0.040,127,0.052,110,0.049,122,0.076,108,0.065,112,0.061,114,0.059,115,0.048,117,0.047,128,0.030,102,0.027, 92,0.044, 95,0.085,103,0.251, 68,0.410, 67,0.368, 72,0.234, 54,0.180, 67,0.135, 71,0.121, 82,0.128, 84,0.119, 93,0.115, 94,0.112, 94,0.085, 95,0.093,105,0.079,107,-32768.000,-32768
<FINISH>
   42,26,01,30,05,28,39,71,0.55,13.40,12.0,20923.000,0.70,6.20,333.0,53,0.001, 90,0.004,333,0.007,352,0.007,333,0.008,353,0.004,135,0.010,281,0.014,266,0.013,321,0.017,287,0.016,270,0.014,262,0.019,270,0.020,250,0.028,285,0.015,262,0.012,235,0.015,254,0.010,276,0.003,162,0.005, 79,0.024,147,0.024,147,0.036,124,0.040,115,0.046,105,0.034, 87,0.051, 92,0.053, 84,0.056, 71,0.054, 79,0.056, 90,0.044, 82,0.038, 79,0.016, 79,0.009,333,0.037,128,0.082, 89,0.256, 83,0.380, 66,0.385, 70,0.159, 58,0.074, 62,0.075, 59,0.078, 81,0.108, 71,0.105, 80,0.114, 79,0.099, 77,0.079, 69,0.064, 83,0.054, 81,-32768.000,-32768
<FINISH>
   43,26,01,30,05,58,39,71,0.50,5.00,108.0,20984.000,0.64,6.20,82.0,53,0.004,135,0.009,153,0.016,195,0.005,143,0.016,108,0.005,143,0.006, 31,0.017,152,0.019,177,0.009,180,0.016,198,0.015,242,0.011,221,0.017,273,0.007,270,0.011,202,0.028,172,0.019,196,0.011,180,0.017,163,0.016,223,0.023,149,0.016,140,0.013,219,0.021,172,0.014,180,0.015,143,0.026,151,0.018,133,0.026,101,0.045, 68,0.048, 64,0.036, 80,0.042, 60,0.044, 67,0.043, 41,0.043, 93,0.175,100,0.272, 81,0.399, 70,0.426, 65,0.250, 64,0.129, 56,0.126, 61,0.125, 71,0.153, 81,0.133, 84,0.125, 77,0.121, 77,0.096, 78,0.077, 85,0.065, 99,-32768.000,-32768
<FINISH>
   44,26,01,30,06,28,39,71,0.52,5.70,78.0,21041.000,0.66,7.00,158.0,53,0.015,157,0.024,150,0.020,156,0.020,108,0.023,119,0.006,141,0.012,114,0.013,108,0.007,180,0.011,  5,0.004,243,0.020,237,0.013,219,0.012,160,0.010,217,0.006,149,0.015,188,0.009,238,0.015,200,0.013,132,0.026,143,0.016,169,0.014,168,0.017,140,0.014,146,0.022,144,0.019,145,0.016,133,0.026,106,0.041, 83,0.040, 65,0.054, 65,0.053, 61,0.055, 57,0.045, 70,0.016,  4,0.027, 90,0.113,101,0.146, 76,0.225, 54,0.258, 37,0.156, 53,0.105, 32,0.074, 44,0.081, 49,0.092, 59,0.103, 69,0.094, 71,0.084, 72,0.077, 59,0.060, 69,0.041, 89,-32768.000,-32768
<FINISH>
   45,26,01,30,06,58,39,71,0.50,13.40,336.0,21065.000,0.63,6.10,350.0,53,0.010,163,0.011,190,0.012,290,0.008, 14,0.017,280,0.002,207,0.016,191,0.007, 27,0.002,243,0.011,280,0.012,325,0.004, 34,0.017,291,0.002,180,0.011,345,0.004,315,0.005,323,0.014, 54,0.009, 58,0.033,135,0.029,142,0.043,129,0.045,140,0.050,129,0.050,121,0.055,139,0.055,125,0.060,105,0.047,102,0.067,108,0.059, 95,0.060, 98,0.059, 97,0.055, 94,0.034,105,0.028,111,0.035,130,0.101,135,0.193,151,0.154,102,0.153, 75,0.081,103,0.073, 96,0.067,110,0.069,118,0.099,124,0.112,120,0.088,128,0.100,126,0.094,126,0.090,135,0.076,140,-32768.000,-32768
<FINISH>
   46,26,01,30,07,28,39,71,0.49,5.00,158.0,21072.000,0.62,5.90,68.0,53,0.015,298,0.015,318,0.012,325,0.019,302,0.006,225,0.016,274,0.018,251,0.023,288,0.026,299,0.023,319,0.022,294,0.014,343,0.011,311,0.012,340,0.009, 41,0.017, 62,0.027, 86,0.031, 90,0.032,116,0.035,102,0.041,105,0.049,110,0.052,107,0.053,110,0.062,101,0.065,105,0.077,103,0.075,113,0.077,107,0.084,109,0.055,119,0.044,114,0.056,123,0.048,142,0.036,157,0.037,145,0.024,112,0.073, 98,0.186, 70,0.379, 45,0.404, 38,0.245, 43,0.275, 43,0.213, 36,0.160, 36,0.149, 43,0.136, 46,0.105, 49,0.083, 55,0.085, 51,0.075, 68,0.046, 75,-32768.000,-32768
<FINISH>
   47,26,01,30,07,58,39,71,0.49,5.70,300.0,21067.000,0.63,6.00,265.0,53,0.011,315,0.005,323,0.006, 51,0.007,333,0.006,239,0.011,255,0.013,132,0.015,191,0.006, 99,0.011,165,0.006,135,0.008, 83,0.002,153,0.010, 66,0.014, 94,0.013,141,0.003,162,0.014,107,0.019, 74,0.023, 88,0.033,119,0.043,109,0.048,105,0.060,105,0.071,101,0.067,104,0.066, 93,0.080,102,0.088, 98,0.078, 92,0.079, 94,0.066, 93,0.042,100,0.034,124,0.020,169,0.007,243,0.012, 70,0.055,104,0.183,101,0.295, 78,0.327, 64,0.180, 60,0.102, 56,0.091, 69,0.089, 91,0.091, 91,0.108, 97,0.089, 93,0.091, 93,0.079,101,0.081,106,0.076,100,-32768.000,-32768
<FINISH>
   48,26,01,30,08,28,39,71,0.77,5.00,166.0,21030.000,0.97,5.60,160.0,53,0.011,185,0.009,264,0.005,202,0.019,  6,0.006, 59,0.008,187,0.005,  0,0.013,167,0.017,183,0.013,189,0.004,166,0.013,293,0.013,356,0.014,300,0.008,353,0.017, 54,0.024,112,0.015, 98,0.020,120,0.028,103,0.033, 92,0.045, 99,0.046, 81,0.059, 81,0.057, 83,0.067, 75,0.081, 85,0.077, 83,0.079, 93,0.085, 89,0.063, 89,0.057, 88,0.030,123,0.011,139,0.024,246,0.008,284,0.036, 88,0.121,108,0.121, 99,0.115, 72,0.131, 40,0.066, 20,0.065, 19,0.030, 49,0.036, 62,0.056,109,0.073,108,0.078,115,0.097,105,0.092,103,0.096, 97,0.088,109,-32768.000,-32768
<FINISH>
   49,26,01,30,08,58,39,71,0.52,5.20,50.0,20983.000,0.67,6.20,275.0,53,0.023,165,0.011,131,0.016,150,0.008, 97,0.012, 48,0.011,158,0.011,131,0.009,111,0.020,110,0.021,125,0.010,143,0.004, 45,0.008,194,0.004,194,0.003, 72,0.014, 51,0.021, 47,0.012, 76,0.010, 66,0.025,108,0.028, 98,0.021, 65,0.034, 69,0.043, 85,0.061, 85,0.074, 80,0.081, 70,0.080, 78,0.067, 71,0.059, 70,0.057, 75,0.032, 68,0.019, 36,0.012,185,0.020,288,0.030,284,0.014,278,0.065, 86,0.091, 37,0.160,353,0.156,355,0.061,345,0.057,  8,0.036,351,0.025,348,0.003,225,0.008, 76,0.021, 62,0.029, 59,0.042, 56,0.036, 74,0.045, 66,-32768.000,-32768
<FINISH>
   50,26,01,30,09,28,39,71,0.46,5.20,338.0,20940.000,0.59,5.90,25.0,53,0.008,140,0.024,158,0.015,238,0.011,260,0.013,309,0.003,270,0.014,225,0.007,172,0.006,252,0.020,210,0.007,286,0.005,259,0.006,135,0.017, 59,0.016, 15,0.018,351,0.023, 25,0.019, 16,0.014, 78,0.037, 66,0.049, 78,0.063, 87,0.074, 86,0.078, 80,0.091, 87,0.110, 81,0.099, 78,0.086, 77,0.082, 89,0.064, 76,0.038, 84,0.013,117,0.027, 17,0.017,291,0.029,306,0.028,328,0.017, 31,0.086, 89,0.141, 36,0.164, 30,0.103, 30,0.057,  7,0.044,  9,0.037,  8,0.028, 58,0.034, 58,0.037, 74,0.052, 80,0.066, 73,0.068, 74,0.056, 76,0.062, 88,-32768.000,-32768
<FINISH>
   51,26,01,30,09,58,39,71,0.38,5.20,106.0,20872.000,0.48,6.70,75.0,53,0.027,197,0.004,166,0.012,171,0.013,171,0.009,122,0.012,171,0.006, 90,0.012,121,0.010,163,0.012,171,0.012,160,0.009,153,0.008,113,0.026,141,0.012,104,0.003,162,0.016, 27,0.013, 45,0.023, 29,0.014,  0,0.015,  8,0.011,158,0.010, 66,0.029, 84,0.042, 87,0.046, 89,0.071, 86,0.068, 66,0.070, 70,0.063, 69,0.048, 49,0.037, 35,0.017, 13,0.024,322,0.054,331,0.053,320,0.046,296,0.079,343,0.305,349,0.265,350,0.174,  0,0.112,  3,0.085,351,0.086,346,0.064,328,0.072,328,0.060,332,0.051,337,0.054,341,0.054,353,0.064,352,0.052,  7,-32768.000,-32768
<FINISH>
   52,26,01,30,10,28,39,71,0.53,5.70,57.0,20806.000,0.67,6.30,61.0,53,0.009,229,0.006, 59,0.014,168,0.016,142,0.005,349,0.009,180,0.015,164,0.012,145,0.007,153,0.009,159,0.010,191,0.019,144,0.013,180,0.013,122,0.011,142,0.022,114,0.025, 99,0.035, 74,0.023, 83,0.007, 56,0.016, 27,0.011, 75,0.023, 92,0.024, 97,0.022, 85,0.032, 97,0.048, 78,0.060, 80,0.063, 72,0.069, 67,0.049, 61,0.035,  8,0.016,  7,0.018,354,0.031,303,0.029,284,0.012,325,0.084, 63,0.157, 22,0.235, 35,0.229, 52,0.115, 24,0.071, 25,0.053, 26,0.038, 39,0.049, 45,0.048, 56,0.069, 62,0.078, 65,0.082, 64,0.087, 66,0.077, 81,-32768.000,-32768
<FINISH>
   53,26,01,30,10,58,39,71,0.44,5.40,64.0,20732.000,0.55,6.30,97.0,53,0.012, 99,0.012, 95,0.005, 53,0.016,194,0.015,172,0.006,189,0.012,265,0.014,210,0.016,195,0.011,180,0.010,169,0.017,177,0.023,165,0.016,166,0.015, 98,0.027, 88,0.032, 86,0.018, 56,0.022, 60,0.030, 53,0.021, 73,0.016, 76,0.010,127,0.025, 85,0.022,112,0.031, 97,0.062,101,0.063, 79,0.056, 78,0.055, 84,0.045, 80,0.030, 78,0.018, 93,0.003,252,0.009, 36,0.023, 77,0.015,164,0.017,159,0.052,335,0.034,357,0.040, 93,0.018,357,0.010, 29,0.009,159,0.011, 15,0.011,165,0.026,103,0.036,103,0.046,101,0.050,116,0.064,118,0.044,101,-32768.000,-32768
<FINISH>
   54,26,01,30,11,28,39,71,0.45,14.90,298.0,20662.000,0.57,6.50,179.0,53,0.005,180,0.006,180,0.012, 42,0.005,281,0.002,270,0.003,108,0.019,231,0.004,207,0.029,202,0.034,152,0.030,150,0.036,161,0.043,164,0.041,176,0.050,157,0.043,167,0.033,147,0.035,135,0.023,142,0.024,128,0.019, 99,0.031,115,0.011, 41,0.010,101,0.018,103,0.026,122,0.023,135,0.037,103,0.052, 72,0.046, 88,0.045, 61,0.038, 70,0.009, 58,0.015,  8,0.015,337,0.018,333,0.026,173,0.066,207,0.099,234,0.066,267,0.049,238,0.077,270,0.058,275,0.042,287,0.035,263,0.027,243,0.027,219,0.009,198,0.020,162,0.014,111,0.034, 90,0.020,150,-32768.000,-32768
<FINISH>
    1,26,01,29,08,58,39,71,0.62,5.00,322.0,20841.000,0.79,6.10,162.0,53,0.067,282,0.052,286,0.040,298,0.038,325,0.033,303,0.024,324,0.030,346,0.037,344,0.023,  0,0.032,  2,0.035,  5,0.021,341,0.021,331,0.021,349,0.010,343,0.022,350,0.017, 17,0.015, 20,0.016, 50,0.017, 57,0.029, 88,0.036, 92,0.040, 84,0.039, 84,0.045, 82,0.036,109,0.036,106,0.031,111,0.031,119,0.040,141,0.034,163,0.053,178,0.036,198,0.039,212,0.033,235,0.023,225,0.028, 67,0.129, 73,0.337, 59,0.391, 55,0.268, 54,0.182, 52,0.095, 54,0.041, 47,0.034, 56,0.045, 87,0.049, 81,0.054, 85,0.070, 79,0.056, 86,0.030, 76,0.035, 82,-32768.000,-32768
<FINISH>
    2,26,01,29,09,28,39,71,0.46,5.40,288.0,20782.000,0.58,5.90,272.0,53,0.043,230,0.041,231,0.044,242,0.039,249,0.034,249,0.034,263,0.019,245,0.016,259,0.013,243,0.011,225,0.003,225,0.015,286,0.014,266,0.005,143,0.000,  0,0.013,252,0.010,287,0.009,270,0.002,297,0.007, 98,0.012,351,0.018, 41,0.014, 65,0.013, 27,0.018, 49,0.023, 65,0.023, 52,0.019, 36,0.024, 30,0.030, 28,0.039, 37,0.028, 19,0.030,356,0.035,  7,0.044,  8,0.044, 17,0.011, 90,0.078, 66,0.203, 52,0.353, 58,0.195, 54,0.147, 56,0.091, 41,0.076, 40,0.057, 49,0.059, 47,0.059, 57,0.050, 53,0.055, 53,0.044, 69,0.048, 60,0.054, 47,-32768.000,-32768
<FINISH>
    3,26,01,29,09,58,39,71,0.51,5.00,106.0,20732.000,0.65,5.70,117.0,53,0.052,277,0.054,277,0.043,277,0.040,273,0.034,280,0.011,322,0.019,339,0.027,340,0.026, 28,0.023, 40,0.009, 58,0.024, 15,0.020, 18,0.021, 25,0.019, 36,0.028, 27,0.026, 31,0.036, 38,0.038, 18,0.033, 31,0.038, 12,0.039, 30,0.036, 62,0.023, 47,0.019, 58,0.020, 41,0.035, 59,0.032, 66,0.031, 77,0.021, 76,0.033, 78,0.027, 82,0.021,101,0.030, 98,0.027,138,0.019,137,0.014,102,0.037, 76,0.034,153,0.181,105,0.061,128,0.065,129,0.048,119,0.039,148,0.031,173,0.047,160,0.032,136,0.015,138,0.015,138,0.016,150,0.016,137,0.018,135,-32768.000,-32768
<FINISH>
    4,26,01,29,10,28,39,71,0.57,5.00,324.0,20691.000,0.72,5.90,220.0,53,0.027,237,0.044,247,0.052,252,0.048,265,0.044,261,0.030,276,0.041,285,0.036,270,0.031,253,0.027,234,0.020,243,0.019,238,0.016,215,0.003,288,0.010,253,0.013,293,0.021,343,0.011, 22,0.011, 22,0.021,  8,0.025,  7,0.026,  7,0.039, 10,0.046, 14,0.049, 15,0.048, 27,0.054, 37,0.049, 33,0.037, 29,0.047, 25,0.037, 24,0.026, 18,0.016, 30,0.024, 48,0.020, 66,0.013, 27,0.043,167,0.156,169,0.171,160,0.193,166,0.168,187,0.121,182,0.060,162,0.051,157,0.039,148,0.046,164,0.039,159,0.045,172,0.046,169,0.050,180,0.039,179,0.053,178,-32768.000,-32768
<FINISH>
    5,26,01,29,10,58,39,71,0.41,14.90,98.0,20661.000,0.52,6.70,49.0,53,0.042,270,0.041,271,0.029,262,0.037,275,0.027,283,0.029,256,0.018,270,0.025,259,0.027,253,0.014,236,0.019,238,0.009,333,0.020,250,0.014,282,0.010,299,0.018,276,0.015,270,0.016,263,0.012,279,0.018,338,0.022,300,0.017,335,0.018,338,0.008, 40,0.006,329,0.012,351,0.011, 41,0.011, 45,0.014, 73,0.017, 69,0.012, 76,0.018, 63,0.031, 57,0.050, 38,0.016, 30,0.022, 60,0.121,172,0.409,167,0.590,155,0.616,156,0.550,174,0.470,175,0.357,166,0.291,163,0.260,165,0.228,165,0.218,163,0.195,162,0.178,154,0.169,165,0.141,164,0.127,157,-32768.000,-32768
<FINISH>
    6,26,01,29,11,28,39,71,0.51,5.20,236.0,20647.000,0.65,5.80,220.0,53,0.043,273,0.045,283,0.036,283,0.041,292,0.037,303,0.040,289,0.033,290,0.039,296,0.019,317,0.017,315,0.022,336,0.035,335,0.020,330,0.019, 32,0.018,313,0.016,305,0.012,329,0.001,315,0.002,243,0.016,158,0.015,143,0.014,141,0.018,214,0.015,184,0.017,193,0.023,187,0.027,197,0.032,208,0.023,203,0.021,209,0.023,190,0.021,219,0.008,247,0.013,309,0.024,  9,0.038, 79,0.184,142,0.419,152,0.527,144,0.521,145,0.480,151,0.394,157,0.350,150,0.313,143,0.282,142,0.246,142,0.225,140,0.205,145,0.169,139,0.170,146,0.155,144,0.131,140,-32768.000,-32768
<FINISH>
    7,26,01,29,11,58,39,71,0.52,5.70,334.0,20648.000,0.66,6.00,346.0,53,0.023,195,0.035,226,0.028,232,0.031,263,0.026,274,0.027,257,0.038,277,0.042,284,0.027,272,0.025,291,0.021,332,0.006,329,0.028,325,0.029,326,0.020,  0,0.014,352,0.012,  5,0.015,344,0.025,299,0.018,313,0.016,248,0.018,225,0.018,229,0.032,235,0.031,233,0.029,229,0.033,230,0.030,220,0.033,223,0.020,229,0.029,258,0.017,260,0.019,313,0.017, 17,0.024,355,0.045,121,0.121,160,0.305,161,0.623,145,0.653,150,0.640,160,0.540,182,0.336,168,0.246,159,0.196,158,0.152,150,0.133,149,0.117,160,0.108,158,0.121,166,0.107,168,0.107,156,-32768.000,-32768
<FINISH>
    8,26,01,29,12,28,39,71,0.42,14.90,12.0,20650.000,0.54,6.90,10.0,53,0.018,183,0.033,189,0.040,193,0.044,210,0.050,221,0.048,218,0.041,208,0.045,228,0.044,245,0.041,248,0.044,273,0.035,257,0.038,275,0.029,278,0.035,299,0.026,288,0.021,298,0.016,313,0.023,293,0.024,303,0.021,313,0.013,302,0.024,312,0.024,270,0.041,281,0.026,272,0.024,308,0.025,254,0.032,283,0.017,303,0.015,  4,0.011, 38,0.012, 55,0.016,105,0.027,144,0.031,121,0.141,155,0.308,177,0.532,157,0.544,152,0.434,176,0.307,183,0.208,168,0.186,169,0.170,168,0.160,166,0.138,167,0.126,165,0.118,164,0.111,169,0.105,166,0.107,153,-32768.000,-32768
<FINISH>
    9,26,01,29,12,58,39,71,0.47,5.90,114.0,20698.000,0.60,6.20,31.0,53,0.010,186,0.022,204,0.023,218,0.037,216,0.039,211,0.035,192,0.039,201,0.055,221,0.045,200,0.044,218,0.049,206,0.042,202,0.039,217,0.040,233,0.028,244,0.037,251,0.029,274,0.036,273,0.039,301,0.040,309,0.032,324,0.027,306,0.027,326,0.017,335,0.016,345,0.021,321,0.015,298,0.015,274,0.015,312,0.018,276,0.022,324,0.018, 45,0.026, 77,0.039, 64,0.032, 68,0.013, 99,0.075,137,0.160,188,0.224,181,0.267,175,0.235,173,0.130,180,0.096,172,0.097,175,0.071,164,0.063,172,0.056,184,0.053,201,0.045,188,0.034,192,0.034,188,0.039,181,-32768.000,-32768
<FINISH>
   10,26,01,29,13,28,39,71,0.54,5.20,102.0,20786.000,0.69,6.30,75.0,53,0.026, 90,0.019,102,0.023, 92,0.026, 90,0.022,103,0.016, 94,0.012,149,0.007,117,0.023,165,0.002,207,0.018,227,0.023,229,0.017,320,0.025,299,0.037,292,0.048,300,0.041,298,0.049,284,0.046,296,0.043,296,0.040,289,0.051,299,0.054,316,0.033,313,0.043,304,0.045,318,0.045,316,0.041,317,0.047,326,0.036,342,0.033, 35,0.048, 36,0.028, 45,0.016,120,0.022, 98,0.020, 96,0.080,176,0.250,195,0.539,197,0.615,206,0.653,203,0.600,201,0.382,197,0.270,201,0.228,201,0.216,203,0.204,211,0.186,207,0.168,209,0.132,211,0.114,217,0.087,217,-32768.000,-32768
<FINISH>
   11,26,01,29,13,58,39,71,0.60,5.70,136.0,20841.000,0.77,6.50,133.0,53,0.034,122,0.032,114,0.031,130,0.040,125,0.041,133,0.049,133,0.040,140,0.036,167,0.043,164,0.057,173,0.051,180,0.055,177,0.051,184,0.052,198,0.054,187,0.041,177,0.031,178,0.038,186,0.035,185,0.033,211,0.022,223,0.026,233,0.039,253,0.039,280,0.034,272,0.037,287,0.032,283,0.039,316,0.030,319,0.041,334,0.021,321,0.041,335,0.033,335,0.048,348,0.050,357,0.067,  4,0.036,216,0.222,198,0.530,209,0.646,215,0.697,215,0.609,212,0.370,215,0.257,218,0.211,224,0.197,222,0.205,222,0.178,219,0.157,221,0.135,216,0.135,217,0.101,217,-32768.000,-32768
<FINISH>
   12,26,01,29,14,28,39,71,0.48,5.40,22.0,20913.000,0.61,6.20,8.0,53,0.021, 61,0.013, 27,0.027, 82,0.014, 94,0.023,135,0.020,110,0.027,135,0.034,180,0.022,193,0.033,164,0.034,159,0.036,157,0.040,171,0.054,165,0.047,180,0.043,169,0.041,164,0.020,177,0.033,168,0.039,180,0.027,146,0.035,175,0.030,203,0.025,209,0.015,222,0.015,247,0.021,253,0.028,314,0.028,337,0.023,355,0.025, 21,0.023, 23,0.016,101,0.030,159,0.044,159,0.037,177,0.086,169,0.203,174,0.502,190,0.400,203,0.310,207,0.207,216,0.119,204,0.109,203,0.120,202,0.117,204,0.126,209,0.121,212,0.098,208,0.091,205,0.097,204,0.077,206,-32768.000,-32768
<FINISH>
   13,26,01,29,14,58,39,71,0.50,5.20,104.0,21026.000,0.63,5.70,33.0,53,0.026,152,0.016,133,0.024,123,0.021,149,0.006, 81,0.012,132,0.006,231,0.013,176,0.011, 56,0.010,  6,0.010,101,0.007,225,0.021,151,0.018,142,0.023,151,0.036,194,0.030,204,0.023,205,0.030,204,0.021,215,0.019,235,0.026,211,0.018,193,0.032,180,0.013,193,0.007,236,0.009, 41,0.015,169,0.018,311,0.016,308,0.028,350,0.033,  0,0.046,  5,0.028,  8,0.019, 43,0.017,159,0.022,159,0.047,174,0.123,201,0.121,234,0.134,236,0.093,221,0.044,179,0.019,180,0.019,189,0.027,184,0.017,187,0.021,188,0.024,237,0.021,235,0.010,246,0.016,180,-32768.000,-32768
<FINISH>
   14,26,01,29,15,28,39,71,0.54,5.00,58.0,21141.000,0.69,6.10,30.0,53,0.039, 75,0.033, 87,0.040, 74,0.034, 66,0.036, 60,0.040, 68,0.029, 74,0.034, 69,0.032, 68,0.028, 72,0.030, 84,0.034, 98,0.030,107,0.017,123,0.025,127,0.024,105,0.005,101,0.004,135,0.012,121,0.015,113,0.014,120,0.031,149,0.024,144,0.024,147,0.014,141,0.022,120,0.015, 82,0.014, 54,0.024, 35,0.027,  2,0.026, 54,0.020, 90,0.029,149,0.028,135,0.026,157,0.043,203,0.020,195,0.065, 56,0.214, 52,0.416, 38,0.430, 47,0.271, 52,0.204, 50,0.143, 50,0.132, 56,0.119, 54,0.130, 50,0.113, 46,0.103, 41,0.107, 39,0.092, 33,0.083, 32,-32768.000,-32768
<FINISH>
   15,26,01,29,15,58,39,71,0.52,5.20,285.0,21245.000,0.65,5.90,249.0,53,0.037, 57,0.030, 50,0.033, 45,0.032, 30,0.016, 50,0.011, 95,0.027,110,0.045,137,0.037,146,0.058,143,0.056,160,0.067,152,0.078,148,0.065,143,0.063,141,0.059,138,0.053,136,0.052,133,0.060,131,0.066,135,0.067,139,0.068,136,0.067,132,0.068,140,0.064,137,0.050,133,0.042,133,0.041,151,0.021,143,0.017,152,0.001,135,0.014,306,0.021,  3,0.032,338,0.021,352,0.035, 25,0.064, 30,0.062,117,0.104,136,0.220, 85,0.226, 51,0.250, 64,0.285, 84,0.228, 90,0.190, 89,0.162, 93,0.138, 95,0.107, 88,0.084, 85,0.075, 91,0.063, 95,0.041,105,-32768.000,-32768
<FINISH>
   16,26,01,29,16,28,39,71,0.44,5.20,166.0,21336.000,0.56,6.60,198.0,53,0.017,  7,0.036, 16,0.030,354,0.035,358,0.040, 12,0.020, 30,0.019, 25,0.012, 66,0.012, 42,0.012, 90,0.016, 75,0.008,120,0.012, 90,0.009,103,0.016,150,0.022,122,0.013,138,0.016,140,0.021,133,0.019,118,0.028, 80,0.026, 53,0.023, 70,0.028, 52,0.020, 49,0.019, 51,0.013, 51,0.017,118,0.012,145,0.017,147,0.024,187,0.041,200,0.045,186,0.061,171,0.069,175,0.053,157,0.041,143,0.068, 84,0.117, 75,0.296, 52,0.456, 31,0.434, 46,0.406, 57,0.306, 59,0.268, 56,0.230, 62,0.182, 61,0.173, 58,0.123, 61,0.108, 53,0.091, 57,0.082, 57,-32768.000,-32768
<FINISH>
   17,26,01,29,16,58,39,71,0.60,14.90,22.0,21433.000,0.76,6.10,34.0,53,0.003, 72,0.016, 90,0.015, 79,0.025, 90,0.022, 74,0.025, 90,0.019, 62,0.021, 79,0.015,138,0.016,191,0.028,165,0.041,169,0.051,174,0.054,177,0.036,189,0.043,202,0.039,212,0.036,207,0.034,220,0.023,236,0.031,253,0.021,241,0.013,252,0.007,106,0.026, 86,0.047, 65,0.043, 72,0.035, 68,0.031, 65,0.015,138,0.032,208,0.035,207,0.040,186,0.028,186,0.029,164,0.039,143,0.038,119,0.072, 72,0.145, 82,0.347, 64,0.417, 31,0.528, 46,0.533, 65,0.366, 72,0.325, 67,0.251, 65,0.222, 69,0.209, 70,0.157, 68,0.115, 69,0.070, 78,0.070, 69,-32768.000,-32768
<FINISH>
   18,26,01,29,17,28,39,71,0.46,5.40,206.0,21506.000,0.58,6.50,240.0,53,0.033, 90,0.024,105,0.041,113,0.033,110,0.033,110,0.015,127,0.026,118,0.023,113,0.028,135,0.019,129,0.027,147,0.046,173,0.043,168,0.044,174,0.029,144,0.026,101,0.018,142,0.009, 63,0.016, 15,0.002,180,0.018,139,0.015,110,0.022,122,0.022,114,0.026, 69,0.040, 67,0.059, 75,0.045, 82,0.031, 84,0.019,129,0.021,219,0.038,229,0.020,189,0.010,204,0.009, 77,0.010,101,0.023, 90,0.053, 88,0.098, 91,0.231, 83,0.350, 47,0.407, 62,0.271, 79,0.214, 77,0.200, 83,0.181, 86,0.146, 81,0.140, 77,0.124, 82,0.110, 74,0.078, 91,0.064, 78,-32768.000,-32768
<FINISH>
   19,26,01,29,17,58,39,71,0.52,5.90,274.0,21561.000,0.66,6.20,311.0,53,0.030, 96,0.012, 90,0.010, 79,0.011,142,0.020,120,0.018,139,0.030,138,0.033,164,0.042,147,0.035,158,0.049,166,0.040,161,0.042,161,0.046,161,0.034,172,0.034,172,0.033,224,0.012,222,0.003,270,0.003,342,0.018, 43,0.029, 68,0.020, 53,0.029, 61,0.026, 59,0.026, 50,0.028, 39,0.045, 50,0.029, 55,0.010, 29,0.003,288,0.019,201,0.017,167,0.029,155,0.031,158,0.025,138,0.027,118,0.057,130,0.115, 87,0.349, 88,0.454, 61,0.500, 60,0.456, 63,0.387, 74,0.311, 81,0.256, 82,0.231, 84,0.182, 81,0.148, 81,0.125, 82,0.094, 88,0.087, 81,-32768.000,-32768
<FINISH>
   20,26,01,29,18,28,39,71,0.42,5.90,322.0,21587.000,0.54,6.80,147.0,53,0.019, 87,0.026, 90,0.018, 99,0.021,118,0.015,106,0.019, 99,0.018,124,0.016,117,0.019,145,0.023,155,0.027,167,0.031,140,0.027,135,0.033,159,0.021,145,0.018,171,0.011,170,0.005, 90,0.013, 48,0.017, 90,0.026, 94,0.017, 69,0.019, 25,0.028, 72,0.033, 40,0.042, 48,0.051, 59,0.047, 67,0.034, 66,0.016, 45,0.004,146,0.006,149,0.023,137,0.033,128,0.038,150,0.040,132,0.014,163,0.066,108,0.126,109,0.259,101,0.392, 76,0.501, 69,0.448, 77,0.337, 80,0.321, 82,0.274, 89,0.250, 90,0.220, 88,0.176, 90,0.141, 85,0.109, 94,0.082,105,-32768.000,-32768
<FINISH>
   21,26,01,29,18,58,39,71,0.51,13.40,110.0,21588.000,0.65,6.20,141.0,53,0.018, 68,0.020, 60,0.026, 69,0.022, 98,0.006,135,0.017,135,0.022,137,0.025,159,0.034,163,0.033,159,0.027,144,0.020,139,0.028,150,0.039,148,0.024,144,0.035,156,0.026,164,0.025,185,0.003,198,0.013,122,0.009,159,0.005,349,0.009,297,0.008,346,0.021, 45,0.026, 21,0.036, 52,0.031, 54,0.048, 67,0.052, 50,0.047, 21,0.038,355,0.032, 13,0.020, 11,0.016,  0,0.010, 61,0.002,333,0.058,110,0.153,101,0.240, 92,0.298, 56,0.339, 67,0.321, 76,0.232, 73,0.239, 84,0.222, 89,0.178, 78,0.158, 84,0.116, 82,0.124, 80,0.106, 87,0.111, 91,-32768.000,-32768
<FINISH>
   22,26,01,29,19,28,39,71,0.64,5.00,16.0,21559.000,0.82,5.50,8.0,53,0.021, 98,0.019,108,0.023,124,0.020,143,0.019,129,0.019,155,0.018,171,0.021,185,0.027,180,0.019,137,0.031,159,0.041,169,0.047,153,0.040,153,0.042,146,0.037,135,0.031,138,0.019,159,0.030,150,0.030,138,0.014,159,0.021,191,0.010,169,0.013,176,0.011,128,0.023, 65,0.041, 39,0.044, 43,0.043, 49,0.061, 40,0.080, 25,0.081, 11,0.096,  7,0.088, 19,0.080, 18,0.062, 10,0.049,  6,0.047, 70,0.153,114,0.146,114,0.139, 70,0.136, 79,0.105, 93,0.038, 45,0.044, 81,0.055, 53,0.072, 58,0.067, 62,0.078, 67,0.085, 69,0.080, 71,0.071, 88,-32768.000,-32768
<FINISH>
   23,26,01,29,19,58,39,71,0.53,5.00,24.0,21520.000,0.67,6.20,355.0,53,0.011, 95,0.016, 60,0.006,149,0.006, 99,0.017,111,0.010,174,0.006,135,0.024,161,0.030,197,0.031,176,0.029,182,0.026,201,0.043,183,0.038,191,0.035,185,0.022,146,0.013,167,0.009,167,0.017,114,0.034, 92,0.024, 97,0.036,117,0.028,  6,0.071, 26,0.081, 12,0.067, 32,0.060, 18,0.114, 12,0.148, 15,0.221, 22,0.363, 24,0.524, 22,0.646, 20,0.639, 20,0.486, 17,0.324, 19,0.200,  3,0.064, 26,0.106, 74,0.197, 37,0.292, 25,0.252, 28,0.197, 25,0.179, 22,0.186, 16,0.248, 19,0.368, 25,0.525, 27,0.603, 26,0.653, 27,0.649, 24,0.579, 27,-32768.000,-32768
<FINISH>
   24,26,01,29,20,28,39,71,0.45,14.90,204.0,21462.000,0.57,7.70,149.0,53,0.007,153,0.007,146,0.004,135,0.003,108,0.021,223,0.013,219,0.007,207,0.032,208,0.029,216,0.047,226,0.028,252,0.034,212,0.044,204,0.037,215,0.040,227,0.023,239,0.024,234,0.017,230,0.004, 76,0.038,  0,0.073,  9,0.106,353,0.104,  6,0.088,  5,0.116, 12,0.133, 36,0.204, 30,0.240, 26,0.323, 24,0.370, 19,0.448, 17,0.481, 19,0.487, 19,0.474, 15,0.476, 14,0.410, 16,0.337, 15,0.143, 40,0.113, 48,0.282, 25,0.343, 13,0.312, 11,0.268, 12,0.299, 12,0.360, 15,0.415, 16,0.453, 16,0.477, 17,0.468, 20,0.449, 21,0.424, 22,0.379, 24,-32768.000,-32768
<FINISH>
   25,26,01,29,20,58,39,71,0.50,14.90,349.0,21384.000,0.63,6.00,324.0,53,0.013,212,0.009,117,0.008,140,0.002, 90,0.001, 90,0.008,220,0.005,217,0.022,246,0.014,258,0.023,229,0.030,217,0.021,209,0.047,222,0.035,229,0.041,225,0.035,217,0.021,209,0.015,247,0.013,274,0.017,339,0.047, 13,0.082, 29,0.117, 37,0.130, 43,0.136, 46,0.183, 47,0.187, 44,0.233, 42,0.252, 36,0.247, 31,0.249, 25,0.232, 21,0.221, 17,0.206, 18,0.196,  9,0.156,  0,0.147,  1,0.040, 10,0.111, 54,0.303, 17,0.397, 16,0.320, 15,0.227, 20,0.175, 11,0.197, 13,0.177,  8,0.204, 13,0.217, 18,0.216, 15,0.215, 21,0.221, 25,0.197, 24,-32768.000,-32768
<FINISH>
   26,26,01,29,21,28,39,71,0.39,5.00,190.0,21281.000,0.50,6.70,200.0,53,0.060,294,0.061,279,0.061,268,0.059,269,0.040,274,0.033,272,0.032,270,0.034,277,0.027,276,0.019,298,0.018,313,0.025,323,0.020,345,0.034, 43,0.038, 47,0.039, 54,0.058, 55,0.064, 58,0.073, 54,0.079, 50,0.093, 50,0.084, 47,0.094, 41,0.084, 42,0.080, 33,0.082, 39,0.079, 42,0.065, 32,0.058, 29,0.063, 31,0.048, 30,0.034,353,0.054,  2,0.080,350,0.071,349,0.064,356,0.066,339,0.054,313,0.098, 38,0.284, 17,0.343, 18,0.241, 33,0.173, 31,0.126, 17,0.095, 23,0.117, 33,0.101, 38,0.114, 36,0.114, 41,0.100, 38,0.114, 31,0.101, 34,-32768.000,-32768
<FINISH>
   27,26,01,29,21,58,39,71,0.57,5.40,101.0,21175.000,0.72,5.80,75.0,53,0.000,  0,0.012,256,0.007,254,0.013,212,0.003,270,0.010,299,0.011,255,0.019,267,0.023,250,0.025,243,0.017,242,0.039,220,0.027,231,0.020,174,0.019,192,0.005,270,0.007,243,0.008,140,0.004,135,0.024,  7,0.033, 33,0.032, 30,0.040, 23,0.027, 28,0.017, 33,0.028, 75,0.020, 66,0.014,129,0.013, 63,0.024, 81,0.014,135,0.018,261,0.028,302,0.078,324,0.085,308,0.103,331,0.087,349,0.051,318,0.103, 58,0.275, 25,0.313, 27,0.181, 20,0.144,355,0.116,349,0.101,344,0.087,353,0.081,  0,0.063,345,0.053,  0,0.059, 37,0.046, 49,0.046, 94,-32768.000,-32768
<FINISH>
   28,26,01,29,22,28,39,71,0.44,5.00,70.0,21062.000,0.56,6.70,251.0,53,0.033,221,0.039,212,0.042,210,0.052,220,0.056,224,0.057,230,0.049,224,0.055,222,0.052,236,0.040,233,0.052,224,0.072,229,0.060,230,0.064,228,0.071,218,0.074,227,0.065,229,0.054,222,0.039,226,0.036,228,0.030,228,0.025,225,0.009,339,0.010,217,0.018,214,0.015,208,0.027,135,0.018, 90,0.026,108,0.041,106,0.039, 81,0.036, 51,0.047, 48,0.040, 45,0.043, 37,0.039, 27,0.061, 11,0.078, 36,0.114, 32,0.187, 27,0.164, 35,0.091, 46,0.061, 52,0.052, 40,0.063, 23,0.035, 20,0.057, 45,0.050, 37,0.042, 28,0.034, 23,0.051, 38,0.037, 47,-32768.000,-32768
<FINISH>
   29,26,01,29,22,58,39,71,0.46,14.90,169.0,20963.000,0.58,6.30,174.0,53,0.053,193,0.064,196,0.052,204,0.051,208,0.050,205,0.060,210,0.059,206,0.054,218,0.057,219,0.061,220,0.058,214,0.059,210,0.061,213,0.065,221,0.064,212,0.069,210,0.052,208,0.032,204,0.019,198,0.006,108,0.040, 84,0.046, 41,0.040, 55,0.062, 57,0.064, 54,0.069, 56,0.067, 52,0.073, 52,0.081, 39,0.063, 33,0.067,  5,0.048,  2,0.048,339,0.042,338,0.055,334,0.055,350,0.019, 54,0.066, 48,0.366, 62,0.440, 53,0.422, 55,0.223, 32,0.140, 27,0.110, 25,0.099, 34,0.097, 41,0.088, 36,0.098, 48,0.096, 46,0.095, 56,0.087, 56,0.061, 60,-32768.000,-32768
<FINISH>
   30,26,01,29,23,28,39,71,0.55,5.00,302.0,20858.000,0.69,6.00,297.0,53,0.030, 28,0.010, 37,0.014, 54,0.008, 45,0.016, 35,0.008,180,0.012, 90,0.009,108,0.001,  0,0.003, 72,0.006,180,0.021,199,0.015,212,0.017,253,0.018,223,0.019,235,0.028,232,0.029,234,0.024,246,0.011,218,0.011,202,0.016,345,0.014,330,0.016,305,0.008,210,0.036,198,0.023,175,0.042,168,0.061,165,0.069,167,0.072,192,0.061,218,0.053,236,0.048,286,0.043,294,0.026, 36,0.038, 72,0.080, 72,0.162, 69,0.170, 30,0.121, 41,0.082,358,0.078, 30,0.041, 51,0.044, 67,0.052, 91,0.045,102,0.050,102,0.064, 94,0.058, 87,0.037,158,0.079,171,-32768.000,-32768
<FINISH>
   31,26,01,29,23,58,39,71,0.43,14.90,194.0,20750.000,0.55,6.90,123.0,53,0.013,225,0.019,205,0.021,256,0.008,277,0.012,222,0.016,243,0.011,214,0.021,229,0.027,237,0.022,216,0.022,248,0.025,249,0.026,233,0.035,211,0.021,217,0.016,215,0.014,234,0.018,261,0.009,207,0.016,180,0.019,164,0.010,180,0.014,141,0.023,162,0.033,137,0.038,137,0.044,122,0.052,106,0.051,100,0.048,112,0.041,108,0.026,129,0.033,130,0.019,254,0.066,277,0.024,358,0.075,137,0.107,134,0.148, 71,0.203, 46,0.120, 58,0.138, 26,0.116, 15,0.092, 20,0.057, 42,0.070, 50,0.066, 78,0.084, 98,0.062, 97,0.066,121,0.049,109,0.052,131,-32768.000,-32768
<FINISH>
   32,26,01,30,00,28,39,71,0.46,14.90,4.0,20683.000,0.58,6.30,61.0,53,0.029, 12,0.020, 15,0.022, 16,0.007,188,0.017, 57,0.009, 27,0.004,315,0.008,320,0.007,278,0.006,329,0.017,260,0.009,207,0.009,252,0.026,216,0.028,224,0.020,204,0.025,214,0.024,185,0.025,196,0.033,187,0.014,180,0.012,211,0.030,197,0.022,162,0.021,191,0.027,214,0.031,182,0.055,197,0.029,196,0.033,245,0.026,263,0.043,275,0.051,281,0.046,283,0.067,298,0.044, 23,0.064,106,0.138, 75,0.157, 58,0.151, 47,0.086, 33,0.062,342,0.063,  4,0.038,  2,0.038, 55,0.048, 31,0.042, 71,0.039, 86,0.051, 70,0.034, 78,0.035,112,0.030,168,-32768.000,-32768
<FINISH>
   33,26,01,30,00,58,39,71,0.55,5.00,338.0,20626.000,0.69,6.40,326.0,53,0.017, 50,0.015, 28,0.013, 18,0.004,243,0.011, 56,0.007,  0,0.008,187,0.016,225,0.023,175,0.037,183,0.024,202,0.037,200,0.031,216,0.034,192,0.033,189,0.030,195,0.030,225,0.031,216,0.031,239,0.034,212,0.035,221,0.032,240,0.025,228,0.025,243,0.031,245,0.023,232,0.023,236,0.016,230,0.021,217,0.012,239,0.021,247,0.025,277,0.038,279,0.022,313,0.031,339,0.006,239,0.019,  6,0.059, 65,0.181,  4,0.162, 10,0.100,336,0.083,338,0.057,  6,0.060,  8,0.041, 17,0.039,  4,0.038,345,0.029,348,0.043,326,0.029,306,0.005,349,0.013, 29,-32768.000,-32768
<FINISH>
   34,26,01,30,01,28,39,71,0.30,14.90,352.0,20588.000,0.39,7.10,72.0,53,0.019, 58,0.017, 87,0.017, 87,0.014,107,0.015,127,0.020,160,0.015,191,0.011,207,0.014,188,0.008,157,0.013,193,0.015,266,0.011,255,0.028,219,0.019,212,0.023,247,0.016,240,0.009,234,0.010,264,0.007,254,0.008,270,0.001,270,0.007,180,0.015, 86,0.016,135,0.020,131,0.009,122,0.011,124,0.024,144,0.028,174,0.035,193,0.018,174,0.013,193,0.036,284,0.027,272,0.027,216,0.044,121,0.081,136,0.078,353,0.126,  8,0.029,306,0.014,321,0.018,311,0.023,320,0.021,270,0.032,270,0.019,335,0.017,273,0.023,295,0.022,223,0.029,211,0.015,176,-32768.000,-32768
<FINISH>
   35,26,01,30,01,58,39,71,0.44,5.70,263.0,20569.000,0.55,6.30,350.0,53,0.018, 84,0.013,117,0.013, 72,0.015, 48,0.005,180,0.007, 74,0.002, 63,0.021, 47,0.006, 81,0.020,311,0.018,326,0.007,333,0.013,266,0.008,277,0.009,302,0.008,  7,0.001, 45,0.011, 95,0.011, 75,0.009,108,0.016,150,0.021, 67,0.014, 86,0.017,135,0.034,120,0.035,114,0.042,142,0.042,150,0.056,147,0.036,164,0.025,162,0.015,169,0.003,225,0.011,304,0.009, 49,0.038,131,0.134,110,0.154,104,0.201, 76,0.207, 66,0.082, 70,0.029, 80,0.041,105,0.055, 88,0.058, 94,0.066,103,0.078,110,0.065,117,0.056,106,0.069,123,0.075,131,0.059,132,-32768.000,-32768
<FINISH>
   36,26,01,30,02,28,39,71,0.45,14.90,296.0,20587.000,0.57,6.80,229.0,53,0.015, 48,0.012, 81,0.010,101,0.018,133,0.008, 23,0.002,333,0.012,305,0.007,278,0.010,287,0.008, 45,0.016,300,0.023,311,0.015,298,0.017,294,0.021,293,0.020,281,0.008,353,0.013,231,0.010, 96,0.016,120,0.020,110,0.017,123,0.019,106,0.014,107,0.027,112,0.020, 87,0.028, 86,0.037, 99,0.033,106,0.046,139,0.051,149,0.046,153,0.008,203,0.003,288,0.010,174,0.008,180,0.039,138,0.059,147,0.093, 12,0.123,  9,0.048,330,0.038, 45,0.018, 29,0.023,340,0.040,  3,0.006,252,0.037,174,0.037,160,0.024,163,0.030,168,0.019,168,0.032,145,-32768.000,-32768
<FINISH>
   37,26,01,30,02,58,39,71,0.55,5.00,356.0,20634.000,0.70,6.10,132.0,53,0.011,105,0.025,151,0.016,135,0.020,131,0.007,172,0.020,123,0.015,138,0.010,143,0.014,102,0.011, 15,0.008,293,0.011,292,0.017,287,0.007,270,0.016,346,0.013,288,0.009,270,0.009,252,0.004,124,0.024,118,0.012,156,0.017,152,0.020,147,0.034,111,0.024,142,0.031,144,0.004,284,0.006,162,0.007,286,0.024,289,0.040,252,0.035,230,0.037,235,0.020,345,0.020,294,0.035,355,0.025, 97,0.057, 67,0.122, 12,0.135, 15,0.075,  8,0.038,331,0.017,303,0.023, 15,0.020, 41,0.025, 63,0.029, 36,0.028, 45,0.035,358,0.014, 54,0.016,313,0.024,152,-32768.000,-32768
<FINISH>
   38,26,01,30,03,28,39,71,0.48,5.70,148.0,20667.000,0.61,6.10,227.0,53,0.005, 90,0.010,101,0.000,  0,0.005, 90,0.008, 50,0.015,340,0.016,345,0.015,  0,0.012, 31,0.019,279,0.012,329,0.038,327,0.023,347,0.018,326,0.012,305,0.027,329,0.035,295,0.026,298,0.013,328,0.019,332,0.011,355,0.017, 90,0.021,119,0.027,135,0.048,131,0.035,137,0.057,144,0.049,147,0.048,141,0.063,146,0.045,134,0.030,118,0.017,118,0.015,164,0.009,264,0.009, 32,0.064,118,0.084, 93,0.166, 64,0.238, 51,0.140, 58,0.105, 72,0.071, 90,0.055, 95,0.047, 83,0.049, 85,0.042, 73,0.044,106,0.030, 86,0.019, 54,0.019,122,0.024,102,-32768.000,-32768
<FINISH>
   39,26,01,30,03,58,39,71,0.51,14.90,206.0,20713.000,0.65,6.70,198.0,53,0.012,180,0.004,225,0.005, 68,0.010, 11,0.004,297,0.017, 24,0.016, 63,0.005,281,0.012, 24,0.014,315,0.016,353,0.022,291,0.010,294,0.019,321,0.023,329,0.013,283,0.012,346,0.018, 47,0.013, 18,0.007, 90,0.007,117,0.035,133,0.043,128,0.037,142,0.053,147,0.056,156,0.050,139,0.051,135,0.051,127,0.036,143,0.045,106,0.045, 91,0.040, 89,0.032,101,0.001, 45,0.013,148,0.055, 88,0.084, 62,0.077, 50,0.074, 59,0.025, 42,0.016, 18,0.012, 76,0.006, 81,0.021, 93,0.054, 80,0.047, 79,0.045, 81,0.055, 90,0.030, 98,0.011, 95,0.026,130,-32768.000,-32768
<FINISH>
   40,26,01,30,04,28,39,71,0.56,5.00,334.0,20802.000,0.71,6.50,351.0,53,0.009,354,0.015, 11,0.020,  3,0.022,344,0.019,  6,0.016,322,0.012,355,0.019,357,0.023,313,0.024,322,0.017,353,0.015,298,0.025,310,0.004,315,0.004,346,0.004,270,0.006,351,0.013,231,0.017,155,0.026,178,0.037,145,0.051,145,0.064,141,0.068,148,0.069,144,0.056,131,0.054,145,0.053,150,0.044,121,0.053,107,0.051, 98,0.048, 82,0.033, 90,0.008,  0,0.044,279,0.009,139,0.056,119,0.107,101,0.099, 58,0.112, 55,0.057, 31,0.040, 49,0.022, 56,0.006,129,0.014,129,0.047,113,0.067,101,0.084,102,0.082, 96,0.052,121,0.052,122,0.065,133,-32768.000,-32768
<FINISH>
   41,26,01,30,04,58,39,71,0.63,5.00,296.0,20871.000,0.80,6.00,293.0,53,0.024,336,0.029,350,0.023,350,0.033,333,0.034,343,0.025,342,0.026,337,0.031,302,0.017,303,0.023,308,0.017,327,0.012,340,0.011,322,0.013,309,0.014,278,0.008,173,0.016,173,0.026,140,0.039,150,0.025,143,0.036,150,0.040,137,0.053,129,0.054,118,0.047,118,0.040,127,0.052,110,0.049,122,0.076,108,0.065,112,0.061,114,0.059,115,0.048,117,0.047,128,0.030,102,0.027, 92,0.044, 95,0.085,103,0.251, 68,0.410, 67,0.368, 72,0.234, 54,0.180, 67,0.135, 71,0.121, 82,0.128, 84,0.119, 93,0.115, 94,0.112, 94,0.085, 95,0.093,105,0.079,107,-32768.000,-32768
<FINISH>
   42,26,01,30,05,28,39,71,0.55,13.40,12.0,20923.000,0.70,6.20,333.0,53,0.001, 90,0.004,333,0.007,352,0.007,333,0.008,353,0.004,135,0.010,281,0.014,266,0.013,321,0.017,287,0.016,270,0.014,262,0.019,270,0.020,250,0.028,285,0.015,262,0.012,235,0.015,254,0.010,276,0.003,162,0.005, 79,0.024,147,0.024,147,0.036,124,0.040,115,0.046,105,0.034, 87,0.051, 92,0.053, 84,0.056, 71,0.054, 79,0.056, 90,0.044, 82,0.038, 79,0.016, 79,0.009,333,0.037,128,0.082, 89,0.256, 83,0.380, 66,0.385, 70,0.159, 58,0.074, 62,0.075, 59,0.078, 81,0.108, 71,0.105, 80,0.114, 79,0.099, 77,0.079, 69,0.064, 83,0.054, 81,-32768.000,-32768
<FINISH>
   43,26,01,30,05,58,39,71,0.50,5.00,108.0,20984.000,0.64,6.20,82.0,53,0.004,135,0.009,153,0.016,195,0.005,143,0.016,108,0.005,143,0.006, 31,0.017,152,0.019,177,0.009,180,0.016,198,0.015,242,0.011,221,0.017,273,0.007,270,0.011,202,0.028,172,0.019,196,0.011,180,0.017,163,0.016,223,0.023,149,0.016,140,0.013,219,0.021,172,0.014,180,0.015,143,0.026,151,0.018,133,0.026,101,0.045, 68,0.048, 64,0.036, 80,0.042, 60,0.044, 67,0.043, 41,0.043, 93,0.175,100,0.272, 81,0.399, 70,0.426, 65,0.250, 64,0.129, 56,0.126, 61,0.125, 71,0.153, 81,0.133, 84,0.125, 77,0.121, 77,0.096, 78,0.077, 85,0.065, 99,-32768.000,-32768
<FINISH>
   44,26,01,30,06,28,39,71,0.52,5.70,78.0,21041.000,0.66,7.00,158.0,53,0.015,157,0.024,150,0.020,156,0.020,108,0.023,119,0.006,141,0.012,114,0.013,108,0.007,180,0.011,  5,0.004,243,0.020,237,0.013,219,0.012,160,0.010,217,0.006,149,0.015,188,0.009,238,0.015,200,0.013,132,0.026,143,0.016,169,0.014,168,0.017,140,0.014,146,0.022,144,0.019,145,0.016,133,0.026,106,0.041, 83,0.040, 65,0.054, 65,0.053, 61,0.055, 57,0.045, 70,0.016,  4,0.027, 90,0.113,101,0.146, 76,0.225, 54,0.258, 37,0.156, 53,0.105, 32,0.074, 44,0.081, 49,0.092, 59,0.103, 69,0.094, 71,0.084, 72,0.077, 59,0.060, 69,0.041, 89,-32768.000,-32768
<FINISH>
   45,26,01,30,06,58,39,71,0.50,13.40,336.0,21065.000,0.63,6.10,350.0,53,0.010,163,0.011,190,0.012,290,0.008, 14,0.017,280,0.002,207,0.016,191,0.007, 27,0.002,243,0.011,280,0.012,325,0.004, 34,0.017,291,0.002,180,0.011,345,0.004,315,0.005,323,0.014, 54,0.009, 58,0.033,135,0.029,142,0.043,129,0.045,140,0.050,129,0.050,121,0.055,139,0.055,125,0.060,105,0.047,102,0.067,108,0.059, 95,0.060, 98,0.059, 97,0.055, 94,0.034,105,0.028,111,0.035,130,0.101,135,0.193,151,0.154,102,0.153, 75,0.081,103,0.073, 96,0.067,110,0.069,118,0.099,124,0.112,120,0.088,128,0.100,126,0.094,126,0.090,135,0.076,140,-32768.000,-32768
<FINISH>
   46,26,01,30,07,28,39,71,0.49,5.00,158.0,21072.000,0.62,5.90,68.0,53,0.015,298,0.015,318,0.012,325,0.019,302,0.006,225,0.016,274,0.018,251,0.023,288,0.026,299,0.023,319,0.022,294,0.014,343,0.011,311,0.012,340,0.009, 41,0.017, 62,0.027, 86,0.031, 90,0.032,116,0.035,102,0.041,105,0.049,110,0.052,107,0.053,110,0.062,101,0.065,105,0.077,103,0.075,113,0.077,107,0.084,109,0.055,119,0.044,114,0.056,123,0.048,142,0.036,157,0.037,145,0.024,112,0.073, 98,0.186, 70,0.379, 45,0.404, 38,0.245, 43,0.275, 43,0.213, 36,0.160, 36,0.149, 43,0.136, 46,0.105, 49,0.083, 55,0.085, 51,0.075, 68,0.046, 75,-32768.000,-32768
<FINISH>
   47,26,01,30,07,58,39,71,0.49,5.70,300.0,21067.000,0.63,6.00,265.0,53,0.011,315,0.005,323,0.006, 51,0.007,333,0.006,239,0.011,255,0.013,132,0.015,191,0.006, 99,0.011,165,0.006,135,0.008, 83,0.002,153,0.010, 66,0.014, 94,0.013,141,0.003,162,0.014,107,0.019, 74,0.023, 88,0.033,119,0.043,109,0.048,105,0.060,105,0.071,101,0.067,104,0.066, 93,0.080,102,0.088, 98,0.078, 92,0.079, 94,0.066, 93,0.042,100,0.034,124,0.020,169,0.007,243,0.012, 70,0.055,104,0.183,101,0.295, 78,0.327, 64,0.180, 60,0.102, 56,0.091, 69,0.089, 91,0.091, 91,0.108, 97,0.089, 93,0.091, 93,0.079,101,0.081,106,0.076,100,-32768.000,-32768
<FINISH>
   48,26,01,30,08,28,39,71,0.77,5.00,166.0,21030.000,0.97,5.60,160.0,53,0.011,185,0.009,264,0.005,202,0.019,  6,0.006, 59,0.008,187,0.005,  0,0.013,167,0.017,183,0.013,189,0.004,166,0.013,293,0.013,356,0.014,300,0.008,353,0.017, 54,0.024,112,0.015, 98,0.020,120,0.028,103,0.033, 92,0.045, 99,0.046, 81,0.059, 81,0.057, 83,0.067, 75,0.081, 85,0.077, 83,0.079, 93,0.085, 89,0.063, 89,0.057, 88,0.030,123,0.011,139,0.024,246,0.008,284,0.036, 88,0.121,108,0.121, 99,0.115, 72,0.131, 40,0.066, 20,0.065, 19,0.030, 49,0.036, 62,0.056,109,0.073,108,0.078,115,0.097,105,0.092,103,0.096, 97,0.088,109,-32768.000,-32768
<FINISH>
   49,26,01,30,08,58,39,71,0.52,5.20,50.0,20983.000,0.67,6.20,275.0,53,0.023,165,0.011,131,0.016,150,0.008, 97,0.012, 48,0.011,158,0.011,131,0.009,111,0.020,110,0.021,125,0.010,143,0.004, 45,0.008,194,0.004,194,0.003, 72,0.014, 51,0.021, 47,0.012, 76,0.010, 66,0.025,108,0.028, 98,0.021, 65,0.034, 69,0.043, 85,0.061, 85,0.074, 80,0.081, 70,0.080, 78,0.067, 71,0.059, 70,0.057, 75,0.032, 68,0.019, 36,0.012,185,0.020,288,0.030,284,0.014,278,0.065, 86,0.091, 37,0.160,353,0.156,355,0.061,345,0.057,  8,0.036,351,0.025,348,0.003,225,0.008, 76,0.021, 62,0.029, 59,0.042, 56,0.036, 74,0.045, 66,-32768.000,-32768
<FINISH>
   50,26,01,30,09,28,39,71,0.46,5.20,338.0,20940.000,0.59,5.90,25.0,53,0.008,140,0.024,158,0.015,238,0.011,260,0.013,309,0.003,270,0.014,225,0.007,172,0.006,252,0.020,210,0.007,286,0.005,259,0.006,135,0.017, 59,0.016, 15,0.018,351,0.023, 25,0.019, 16,0.014, 78,0.037, 66,0.049, 78,0.063, 87,0.074, 86,0.078, 80,0.091, 87,0.110, 81,0.099, 78,0.086, 77,0.082, 89,0.064, 76,0.038, 84,0.013,117,0.027, 17,0.017,291,0.029,306,0.028,328,0.017, 31,0.086, 89,0.141, 36,0.164, 30,0.103, 30,0.057,  7,0.044,  9,0.037,  8,0.028, 58,0.034, 58,0.037, 74,0.052, 80,0.066, 73,0.068, 74,0.056, 76,0.062, 88,-32768.000,-32768
<FINISH>
   51,26,01,30,09,58,39,71,0.38,5.20,106.0,20872.000,0.48,6.70,75.0,53,0.027,197,0.004,166,0.012,171,0.013,171,0.009,122,0.012,171,0.006, 90,0.012,121,0.010,163,0.012,171,0.012,160,0.009,153,0.008,113,0.026,141,0.012,104,0.003,162,0.016, 27,0.013, 45,0.023, 29,0.014,  0,0.015,  8,0.011,158,0.010, 66,0.029, 84,0.042, 87,0.046, 89,0.071, 86,0.068, 66,0.070, 70,0.063, 69,0.048, 49,0.037, 35,0.017, 13,0.024,322,0.054,331,0.053,320,0.046,296,0.079,343,0.305,349,0.265,350,0.174,  0,0.112,  3,0.085,351,0.086,346,0.064,328,0.072,328,0.060,332,0.051,337,0.054,341,0.054,353,0.064,352,0.052,  7,-32768.000,-32768
<FINISH>
   52,26,01,30,10,28,39,71,0.53,5.70,57.0,20806.000,0.67,6.30,61.0,53,0.009,229,0.006, 59,0.014,168,0.016,142,0.005,349,0.009,180,0.015,164,0.012,145,0.007,153,0.009,159,0.010,191,0.019,144,0.013,180,0.013,122,0.011,142,0.022,114,0.025, 99,0.035, 74,0.023, 83,0.007, 56,0.016, 27,0.011, 75,0.023, 92,0.024, 97,0.022, 85,0.032, 97,0.048, 78,0.060, 80,0.063, 72,0.069, 67,0.049, 61,0.035,  8,0.016,  7,0.018,354,0.031,303,0.029,284,0.012,325,0.084, 63,0.157, 22,0.235, 35,0.229, 52,0.115, 24,0.071, 25,0.053, 26,0.038, 39,0.049, 45,0.048, 56,0.069, 62,0.078, 65,0.082, 64,0.087, 66,0.077, 81,-32768.000,-32768
<FINISH>
   53,26,01,30,10,58,39,71,0.44,5.40,64.0,20732.000,0.55,6.30,97.0,53,0.012, 99,0.012, 95,0.005, 53,0.016,194,0.015,172,0.006,189,0.012,265,0.014,210,0.016,195,0.011,180,0.010,169,0.017,177,0.023,165,0.016,166,0.015, 98,0.027, 88,0.032, 86,0.018, 56,0.022, 60,0.030, 53,0.021, 73,0.016, 76,0.010,127,0.025, 85,0.022,112,0.031, 97,0.062,101,0.063, 79,0.056, 78,0.055, 84,0.045, 80,0.030, 78,0.018, 93,0.003,252,0.009, 36,0.023, 77,0.015,164,0.017,159,0.052,335,0.034,357,0.040, 93,0.018,357,0.010, 29,0.009,159,0.011, 15,0.011,165,0.026,103,0.036,103,0.046,101,0.050,116,0.064,118,0.044,101,-32768.000,-32768
<FINISH>
   54,26,01,30,11,28,39,71,0.45,14.90,298.0,20662.000,0.57,6.50,179.0,53,0.005,180,0.006,180,0.012, 42,0.005,281,0.002,270,0.003,108,0.019,231,0.004,207,0.029,202,0.034,152,0.030,150,0.036,161,0.043,164,0.041,176,0.050,157,0.043,167,0.033,147,0.035,135,0.023,142,0.024,128,0.019, 99,0.031,115,0.011, 41,0.010,101,0.018,103,0.026,122,0.023,135,0.037,103,0.052, 72,0.046, 88,0.045, 61,0.038, 70,0.009, 58,0.015,  8,0.015,337,0.018,333,0.026,173,0.066,207,0.099,234,0.066,267,0.049,238,0.077,270,0.058,275,0.042,287,0.035,263,0.027,243,0.027,219,0.009,198,0.020,162,0.014,111,0.034, 90,0.020,150,-32768.000,-32768
<FINISH>
