    1,26,01,16,15,07,38,31,0.66,16.90,15.0,20745.000,0.84,6.90,355.0,53,0.015, 90,0.026, 51,0.012, 48,0.013,  9,0.021, 65,0.014, 60,0.018, 38,0.021, 37,0.021, 14,0.019,324,0.004,315,0.019,  3,0.011, 15,0.013, 29,0.025, 50,0.021, 37,0.028, 30,0.031, 25,0.022,  8,0.029, 12,0.028, 45,0.028, 41,0.017, 54,0.024, 66,0.021, 71,0.018,  0,0.028,347,0.048,348,0.041,335,0.037,340,0.023,347,0.001,315,0.038,174,0.066,184,0.105,187,0.112,188,0.075,161,0.201,200,0.351,217,0.382,228,0.462,235,0.329,220,0.245,224,0.226,223,0.204,225,0.177,229,0.160,227,0.133,226,0.127,226,0.101,225,0.091,229,0.079,229,-32768.000,-32768
<FINISH>
    2,26,01,16,15,37,38,31,0.52,5.00,143.0,20808.000,0.65,6.70,124.0,53,0.019,  6,0.032,358,0.028, 15,0.031,335,0.015,356,0.024, 22,0.021,325,0.005,292,0.007,304,0.022,355,0.012,  0,0.020, 15,0.025, 21,0.033, 16,0.026,351,0.020,357,0.023,  5,0.033,358,0.026, 32,0.017, 65,0.019, 78,0.023, 75,0.018, 47,0.024, 45,0.025,355,0.023,340,0.020,357,0.033,346,0.030,351,0.030, 45,0.047, 79,0.049, 98,0.049,109,0.061,122,0.070,127,0.033,141,0.072,174,0.212,198,0.476,208,0.552,218,0.614,218,0.471,214,0.311,215,0.255,209,0.233,212,0.227,217,0.215,219,0.195,218,0.182,215,0.138,212,0.119,219,0.094,221,-32768.000,-32768
<FINISH>
    3,26,01,16,16,07,38,31,0.57,16.90,127.0,20895.000,0.72,8.00,22.0,53,0.038,328,0.044,337,0.036,341,0.032,344,0.038,333,0.031,329,0.031,335,0.022,321,0.042,336,0.046,346,0.057,345,0.048,347,0.058,348,0.051,342,0.054,344,0.044,333,0.037,334,0.037,336,0.033,337,0.035,335,0.043,330,0.050,331,0.049,322,0.042,313,0.025,353,0.017, 28,0.028, 48,0.054, 79,0.078,100,0.079,105,0.076,108,0.103,120,0.120,128,0.119,140,0.122,144,0.096,170,0.095,206,0.216,212,0.422,214,0.401,220,0.433,230,0.439,223,0.295,213,0.256,215,0.216,219,0.210,214,0.194,214,0.190,217,0.182,212,0.157,212,0.135,215,0.120,214,-32768.000,-32768
<FINISH>
    4,26,01,16,16,37,38,31,0.59,16.90,279.0,20990.000,0.75,8.40,341.0,53,0.011,297,0.020,264,0.023,285,0.024,282,0.027,294,0.020,279,0.016,305,0.037,304,0.038,307,0.033,321,0.049,319,0.045,321,0.047,332,0.033,327,0.036,316,0.044,322,0.047,335,0.038,331,0.033,335,0.048,338,0.038,335,0.038,330,0.041,326,0.036,324,0.026,335,0.017,332,0.012, 14,0.032, 55,0.047, 56,0.060, 83,0.075, 94,0.074,102,0.077,105,0.094,120,0.095,129,0.089,152,0.043,191,0.109,216,0.342,226,0.436,235,0.408,242,0.332,234,0.172,218,0.143,221,0.123,228,0.148,236,0.143,237,0.129,233,0.118,226,0.110,236,0.102,249,0.090,239,-32768.000,-32768
<FINISH>
    5,26,01,16,17,07,38,31,0.57,5.00,113.0,21078.000,0.73,7.40,75.0,53,0.054,275,0.057,261,0.056,271,0.059,270,0.040,280,0.063,276,0.057,281,0.056,287,0.063,282,0.070,296,0.070,299,0.064,300,0.068,302,0.065,301,0.067,293,0.053,313,0.064,304,0.058,314,0.062,303,0.069,324,0.064,321,0.058,329,0.048,  0,0.047, 24,0.055, 44,0.065, 53,0.075, 62,0.086, 79,0.095, 81,0.107, 81,0.113, 89,0.127, 93,0.117, 91,0.126,103,0.111,109,0.095,110,0.047,163,0.066,179,0.179,220,0.224,236,0.105,246,0.054,136,0.081,120,0.072,108,0.091,110,0.091,106,0.066,104,0.054, 90,0.034, 93,0.030, 82,0.017, 21,0.015,110,-32768.000,-32768
<FINISH>
    6,26,01,16,17,37,38,31,0.53,16.90,159.0,21174.000,0.68,8.80,70.0,53,0.086,295,0.090,291,0.091,292,0.098,287,0.095,294,0.098,289,0.088,292,0.088,295,0.086,298,0.090,294,0.089,297,0.087,304,0.086,313,0.088,309,0.083,322,0.063,331,0.052,338,0.041,345,0.031,351,0.021,343,0.024, 52,0.025, 78,0.032, 94,0.055, 99,0.067,105,0.081,100,0.103,109,0.108,113,0.125,110,0.126,109,0.134,113,0.123,119,0.138,115,0.138,118,0.150,119,0.125,123,0.046,162,0.063,188,0.208,219,0.373,235,0.264,232,0.157,223,0.064,184,0.074,161,0.086,167,0.065,174,0.069,177,0.063,189,0.065,200,0.074,200,0.070,204,0.061,222,-32768.000,-32768
<FINISH>
    7,26,01,16,18,07,38,31,0.46,5.20,63.0,21272.000,0.58,7.00,124.0,53,0.066,328,0.067,335,0.053,326,0.060,328,0.064,306,0.058,297,0.070,284,0.082,278,0.091,271,0.084,270,0.086,273,0.091,273,0.081,273,0.080,269,0.064,268,0.057,266,0.059,274,0.066,279,0.068,273,0.057,286,0.038,300,0.038,307,0.013,328,0.010,114,0.034, 97,0.024, 99,0.048,111,0.054,112,0.060,108,0.066,111,0.070,113,0.063,113,0.064,110,0.065, 96,0.076, 99,0.058, 96,0.022,150,0.056,213,0.203,213,0.352,233,0.242,246,0.117,230,0.038,222,0.028,219,0.032,198,0.029,182,0.046,214,0.059,226,0.080,222,0.078,215,0.087,214,0.085,213,-32768.000,-32768
<FINISH>
    8,26,01,16,18,37,38,31,0.57,16.90,347.0,21370.000,0.73,6.60,344.0,53,0.043,149,0.052,157,0.041,151,0.036,157,0.036,138,0.023,130,0.022,141,0.025,132,0.011,117,0.020, 53,0.015, 32,0.011,  5,0.015,286,0.029,290,0.049,268,0.073,259,0.116,255,0.120,256,0.132,255,0.144,254,0.152,256,0.143,258,0.134,259,0.133,265,0.123,271,0.115,270,0.105,266,0.104,271,0.098,275,0.089,280,0.071,282,0.078,279,0.077,286,0.053,285,0.054,288,0.045,303,0.034,324,0.021,208,0.022,231,0.055,288,0.075,300,0.042,325,0.037,314,0.037,322,0.038,319,0.041,313,0.042,304,0.051,278,0.056,285,0.062,276,0.061,269,0.057,267,-32768.000,-32768
<FINISH>
    9,26,01,16,19,07,38,31,0.65,5.20,141.0,21452.000,0.82,6.50,129.0,53,0.031,107,0.027,146,0.024,132,0.029,158,0.032,145,0.030,159,0.022,183,0.033,177,0.033,171,0.025,196,0.041,214,0.036,214,0.042,259,0.053,251,0.055,248,0.088,241,0.101,238,0.119,233,0.131,230,0.132,234,0.140,232,0.141,238,0.146,238,0.142,238,0.140,237,0.119,244,0.111,243,0.120,243,0.104,242,0.096,245,0.085,250,0.084,244,0.090,241,0.068,234,0.052,245,0.046,234,0.023,180,0.043, 57,0.118, 75,0.105, 66,0.109, 71,0.062, 92,0.014,111,0.015, 86,0.004,104,0.034,107,0.045,122,0.053,106,0.056,110,0.049, 82,0.051, 87,0.045, 90,-32768.000,-32768
<FINISH>
   10,26,01,16,19,37,38,31,0.53,16.90,108.0,21502.000,0.67,6.80,143.0,53,0.004,256,0.009,148,0.015,200,0.016,169,0.021,177,0.037,186,0.044,192,0.046,187,0.048,202,0.055,197,0.049,211,0.050,226,0.046,226,0.044,238,0.041,253,0.029,262,0.033,261,0.042,263,0.039,230,0.021,235,0.029,260,0.047,255,0.078,244,0.099,257,0.125,244,0.139,247,0.131,249,0.131,248,0.114,259,0.100,260,0.083,262,0.057,288,0.058,302,0.057,317,0.049,322,0.046,326,0.040,356,0.034, 15,0.076, 31,0.089,355,0.137,331,0.120,322,0.093,300,0.074,302,0.084,305,0.068,294,0.043,303,0.039,288,0.018,333,0.030,339,0.033,282,0.036,288,-32768.000,-32768
<FINISH>
   11,26,01,16,20,07,38,31,0.49,5.00,287.0,21517.000,0.63,7.00,296.0,53,0.021,253,0.032,244,0.036,259,0.047,246,0.042,245,0.056,243,0.044,242,0.047,238,0.052,238,0.053,251,0.056,241,0.037,250,0.029,252,0.024,215,0.014,234,0.019,180,0.016,218,0.019,208,0.030,197,0.037,227,0.053,227,0.085,223,0.105,235,0.137,232,0.155,231,0.151,233,0.136,236,0.140,242,0.124,247,0.129,256,0.086,243,0.052,270,0.058,284,0.073,331,0.136,304,0.170,304,0.158,305,0.074,308,0.071, 65,0.040, 53,0.111,273,0.167,266,0.159,270,0.124,275,0.118,308,0.089,320,0.099,347,0.119, 21,0.126, 33,0.115, 17,0.031,  2,0.017,246,-32768.000,-32768
<FINISH>
   12,26,01,16,20,37,38,31,0.50,16.90,180.0,21532.000,0.64,7.30,196.0,53,0.029,178,0.038,185,0.031,180,0.031,182,0.032,182,0.028,197,0.031,199,0.026,216,0.023,214,0.026,201,0.034,210,0.027,207,0.033,207,0.029,234,0.047,245,0.048,248,0.042,245,0.037,267,0.030,266,0.024,258,0.030,243,0.034,236,0.056,247,0.069,251,0.085,251,0.102,254,0.124,251,0.124,249,0.132,252,0.139,254,0.133,255,0.133,260,0.129,268,0.110,279,0.136,334,0.226,355,0.340,  4,0.159, 24,0.186, 48,0.397, 44,0.350, 35,0.248, 22,0.276,  5,0.283, 21,0.371, 15,0.429, 16,0.367,  5,0.227,  2,0.164,  3,0.128, 14,0.067,354,0.047,332,-32768.000,-32768
<FINISH>
   13,26,01,16,21,07,38,31,0.72,16.90,194.0,21515.000,0.92,6.20,232.0,53,0.010,127,0.010,349,0.007,225,0.011,243,0.006,279,0.014,262,0.026,249,0.013,238,0.012,194,0.026,157,0.031,197,0.015,222,0.028,206,0.023,247,0.020,213,0.032,244,0.027,225,0.025,228,0.021,233,0.026,257,0.036,286,0.038,284,0.063,284,0.073,279,0.087,251,0.097,246,0.109,240,0.136,242,0.146,244,0.155,248,0.165,255,0.158,259,0.118,265,0.108,278,0.132,311,0.157,318,0.161,340,0.100,  6,0.175, 46,0.293, 23,0.140,343,0.158,343,0.228,359,0.194,358,0.204,  4,0.211,  5,0.214,  3,0.187,353,0.143,359,0.116,353,0.058,329,0.037,305,-32768.000,-32768
<FINISH>
   14,26,01,16,21,37,38,31,0.52,5.40,215.0,21453.000,0.67,6.30,176.0,53,0.016,243,0.025,196,0.015,212,0.021,219,0.012,200,0.017,211,0.033,183,0.018,209,0.016,202,0.036,196,0.030,204,0.024,208,0.019,198,0.011,232,0.027,257,0.019,267,0.034,260,0.030,270,0.041,259,0.048,285,0.016,270,0.024,358,0.022,309,0.055,286,0.065,277,0.077,263,0.075,255,0.074,243,0.102,244,0.133,247,0.127,254,0.144,271,0.152,286,0.157,296,0.153,309,0.145,316,0.157,334,0.069,350,0.111, 37,0.146,  9,0.093,328,0.123,333,0.142,349,0.136,350,0.146,339,0.141,337,0.117,324,0.134,324,0.132,330,0.104,337,0.100,315,0.081,311,-32768.000,-32768
<FINISH>
   15,26,01,16,22,07,38,31,0.50,5.40,184.0,21371.000,0.63,6.80,185.0,53,0.036,150,0.018,177,0.021,177,0.030,178,0.011,180,0.022,198,0.024,171,0.015,184,0.010,119,0.024,161,0.025,159,0.023,146,0.013,162,0.009,139,0.012,215,0.005,202,0.008,210,0.020,311,0.043,326,0.037,341,0.029,333,0.041,307,0.040,290,0.062,295,0.051,292,0.067,267,0.097,263,0.096,254,0.103,254,0.115,254,0.169,259,0.186,269,0.190,279,0.213,281,0.187,279,0.173,281,0.084,265,0.085,307,0.088, 31,0.125,311,0.171,318,0.149,301,0.184,281,0.192,284,0.149,285,0.151,301,0.166,309,0.160,316,0.156,324,0.153,326,0.113,318,0.072,332,-32768.000,-32768
<FINISH>
   16,26,01,16,22,37,38,31,0.66,5.20,287.0,21298.000,0.84,5.50,242.0,53,0.009,347,0.008,330,0.006, 59,0.014,188,0.006,189,0.008,247,0.018,183,0.014,155,0.009,159,0.002,270,0.003,315,0.021,233,0.018,243,0.017,267,0.016,256,0.025,268,0.027,248,0.025,281,0.039,289,0.026,291,0.048,286,0.034,297,0.043,292,0.035,275,0.044,270,0.065,245,0.074,233,0.101,231,0.107,231,0.106,241,0.132,245,0.159,255,0.161,261,0.175,259,0.185,261,0.180,264,0.106,243,0.138,307,0.114, 28,0.106,311,0.119,312,0.269,293,0.127,296,0.121,300,0.115,298,0.101,308,0.120,305,0.127,314,0.123,318,0.094,324,0.067,336,0.070,342,-32768.000,-32768
<FINISH>
   17,26,01,16,23,07,38,31,0.54,5.20,124.0,21212.000,0.69,6.10,96.0,53,0.002,243,0.011,345,0.012,336,0.007,344,0.011, 45,0.003,108,0.005,191,0.014,115,0.002,207,0.023,313,0.037,304,0.025,281,0.018,283,0.022,300,0.033,282,0.038,292,0.025,281,0.022,286,0.012,336,0.025,342,0.023,342,0.054, 32,0.044,357,0.037,304,0.042,251,0.058,239,0.097,231,0.100,223,0.106,238,0.106,242,0.121,258,0.146,260,0.141,252,0.120,251,0.132,253,0.121,258,0.066,241,0.091, 15,0.240, 28,0.127,  0,0.085,333,0.104,291,0.120,293,0.086,294,0.059,320,0.056,330,0.062,  6,0.088, 19,0.108, 23,0.103, 21,0.102, 15,0.069, 20,-32768.000,-32768
<FINISH>
   18,26,01,16,23,37,38,31,0.70,5.00,149.0,21100.000,0.89,6.80,79.0,53,0.008,270,0.014,278,0.006,279,0.018,333,0.030,303,0.013,288,0.024,324,0.025,334,0.017,303,0.022,304,0.023,319,0.033,331,0.042,333,0.028,345,0.029,350,0.058,348,0.070,347,0.103,351,0.149,357,0.165,  1,0.169,353,0.148,351,0.116,336,0.075,309,0.066,272,0.100,230,0.114,231,0.115,224,0.105,227,0.088,238,0.102,234,0.099,235,0.115,237,0.138,244,0.133,250,0.110,250,0.050,276,0.065,359,0.061,338,0.050,  8,0.020,156,0.122,259,0.064,283,0.052,299,0.057,281,0.060,285,0.059,284,0.037,290,0.047,320,0.029,338,0.042,339,0.035,329,-32768.000,-32768
<FINISH>
   19,26,01,17,00,07,38,31,0.57,5.00,280.0,20981.000,0.72,6.70,289.0,53,0.012,145,0.012,250,0.013,247,0.014,219,0.020,243,0.013,219,0.013,189,0.017,230,0.028,226,0.011,218,0.019,270,0.021,221,0.008,277,0.026,257,0.032,254,0.018,257,0.028,283,0.025,297,0.027,294,0.045,335,0.136,355,0.177,349,0.149,345,0.118,345,0.055,320,0.052,271,0.059,228,0.088,232,0.097,231,0.092,231,0.090,238,0.092,236,0.093,247,0.111,255,0.127,262,0.074,266,0.046,293,0.064, 46,0.082,337,0.120,317,0.106,307,0.098,331,0.097,324,0.072,303,0.077,293,0.063,279,0.049,268,0.028,293,0.017,347,0.012,301,0.010, 24,0.021,352,-32768.000,-32768
<FINISH>
   20,26,01,17,00,37,38,31,0.59,12.10,169.0,20882.000,0.76,6.30,168.0,53,0.014,348,0.009,139,0.009,139,0.011,195,0.012,235,0.011,260,0.013,274,0.012,284,0.039,300,0.037,316,0.030,319,0.037,355,0.059,350,0.067,354,0.104,359,0.118,352,0.136,352,0.124,350,0.142,348,0.154,347,0.124,351,0.088,334,0.048,268,0.070,241,0.084,232,0.103,219,0.124,216,0.104,219,0.109,231,0.117,236,0.109,242,0.121,261,0.140,265,0.132,261,0.154,259,0.071,263,0.097,290,0.022,260,0.097,275,0.157,275,0.100,220,0.154,271,0.132,272,0.125,268,0.125,271,0.130,270,0.135,271,0.128,266,0.109,266,0.097,272,0.088,255,0.067,261,-32768.000,-32768
<FINISH>
   21,26,01,17,01,07,38,31,0.66,5.20,167.0,20794.000,0.83,6.10,187.0,53,0.009,276,0.009,276,0.001,180,0.008,256,0.014, 54,0.013, 45,0.014,107,0.005,202,0.014,214,0.016,232,0.018,214,0.016,235,0.032,268,0.021,307,0.013,279,0.022,300,0.010,294,0.009,342,0.036,324,0.105,347,0.161,357,0.183,352,0.178,355,0.159,352,0.108,340,0.040,305,0.072,234,0.078,226,0.080,244,0.075,240,0.097,263,0.106,272,0.099,276,0.109,262,0.129,256,0.085,232,0.108,289,0.070,288,0.074,330,0.094,295,0.356,153,0.130,280,0.100,284,0.102,282,0.110,290,0.102,291,0.112,286,0.106,292,0.092,287,0.076,282,0.070,271,0.061,281,-32768.000,-32768
<FINISH>
   22,26,01,17,01,37,38,31,0.53,16.90,145.0,20709.000,0.67,7.70,190.0,53,0.005,  0,0.007,304,0.013,266,0.023,295,0.023,358,0.006,342,0.012,284,0.011,255,0.027,246,0.014,249,0.016,288,0.013,274,0.019,279,0.021,293,0.039,308,0.034,300,0.076,325,0.148,343,0.205,346,0.165,341,0.165,340,0.144,338,0.077,303,0.055,268,0.056,243,0.054,224,0.064,222,0.074,218,0.084,239,0.079,251,0.084,263,0.100,262,0.107,256,0.116,249,0.121,249,0.056,213,0.049,284,0.038,342,0.103,269,0.084,274,0.102,281,0.103,273,0.084,274,0.111,275,0.101,279,0.093,275,0.078,272,0.081,271,0.066,277,0.062,262,0.056,259,0.033,263,-32768.000,-32768
<FINISH>
   23,26,01,17,02,07,38,31,0.50,14.90,29.0,20647.000,0.63,8.90,344.0,53,0.008, 83,0.001,  0,0.008,220,0.020,307,0.014,304,0.010,287,0.009,252,0.010,225,0.010,209,0.017,234,0.014,270,0.008,284,0.020,290,0.029,325,0.102,355,0.164,354,0.160,  1,0.162,  7,0.158,349,0.124,350,0.059,327,0.040,295,0.037,239,0.062,225,0.070,205,0.054,211,0.066,216,0.062,222,0.071,228,0.050,258,0.074,266,0.097,274,0.107,268,0.095,265,0.108,275,0.026,272,0.060,291,0.038,305,0.131,260,0.132,255,0.099,272,0.075,300,0.076,304,0.082,310,0.085,308,0.064,284,0.046,274,0.054,277,0.041,270,0.019,212,0.046,213,0.040,223,-32768.000,-32768
<FINISH>
   24,26,01,17,02,37,38,31,0.42,5.20,109.0,20611.000,0.53,7.10,85.0,53,0.008,247,0.009,257,0.016,270,0.015,250,0.024,270,0.011,243,0.004,243,0.012,239,0.027,236,0.019,216,0.028,238,0.012,204,0.016,297,0.115,352,0.152,346,0.067,351,0.079,338,0.083,344,0.060,358,0.053, 29,0.031, 25,0.026, 25,0.021,  0,0.014, 51,0.013, 29,0.002,153,0.017,237,0.031,237,0.040,277,0.044,309,0.059,307,0.088,302,0.094,304,0.122,318,0.239,325,0.174,347,0.058,283,0.024,322,0.123,293,0.124,280,0.090,287,0.113,311,0.152,320,0.169,327,0.122,327,0.081,313,0.065,321,0.061,314,0.039,302,0.041,298,0.058,239,0.062,204,-32768.000,-32768
<FINISH>
   25,26,01,17,03,07,38,31,0.50,16.90,125.0,20582.000,0.64,8.80,114.0,53,0.010,107,0.010,114,0.009,122,0.010,233,0.016,218,0.013,225,0.016,218,0.018,214,0.007,124,0.012,189,0.019,254,0.005,323,0.024,  2,0.047, 18,0.090, 15,0.108,  7,0.112, 11,0.103,352,0.121,353,0.107,359,0.051, 15,0.025,313,0.037,251,0.023,230,0.035,268,0.036,219,0.035,297,0.035,292,0.044,287,0.049,290,0.071,303,0.093,307,0.081,296,0.160,294,0.167,308,0.095,323,0.103,288,0.089,288,0.152,274,0.155,263,0.174,282,0.144,300,0.117,316,0.115,313,0.076,305,0.060,305,0.041,288,0.035,273,0.049,270,0.031,259,0.026,227,0.019,298,-32768.000,-32768
<FINISH>
   26,26,01,17,03,37,38,31,0.55,16.90,114.0,20584.000,0.70,6.90,104.0,53,0.018,308,0.016,317,0.010,336,0.008,330,0.005, 22,0.016, 18,0.023,319,0.022,330,0.010,323,0.042,  8,0.070,357,0.114,349,0.130,349,0.143,346,0.136,340,0.134,337,0.163,335,0.133,337,0.109,326,0.059,339,0.043,331,0.040,319,0.047,347,0.060,342,0.041,342,0.045,316,0.042,292,0.041,245,0.041,241,0.040,240,0.050,284,0.068,267,0.080,266,0.088,288,0.089,282,0.023,245,0.053,296,0.068,232,0.131,246,0.110,236,0.120,251,0.110,275,0.100,296,0.103,300,0.095,303,0.094,315,0.067,311,0.051,315,0.030,303,0.037,284,0.030,304,0.045,313,-32768.000,-32768
<FINISH>
   27,26,01,17,04,07,38,31,0.56,5.70,291.0,20611.000,0.71,7.00,313.0,53,0.014,150,0.017,100,0.019,115,0.021,101,0.030,165,0.018,146,0.035,133,0.030,139,0.022,122,0.019,171,0.019,144,0.021,143,0.014,126,0.038, 29,0.053,352,0.044, 13,0.064,358,0.080,345,0.111,337,0.074,351,0.056,319,0.046,299,0.047,322,0.046,296,0.032,304,0.046,304,0.057,282,0.058,273,0.053,276,0.037,276,0.039,289,0.058,292,0.070,294,0.109,287,0.117,281,0.056,240,0.073,293,0.059,275,0.143,258,0.136,256,0.174,266,0.115,283,0.081,294,0.078,301,0.055,299,0.052,306,0.045,307,0.030,298,0.031,285,0.025,282,0.041,315,0.042,325,-32768.000,-32768
<FINISH>
   28,26,01,17,04,37,38,31,0.44,14.90,45.0,20639.000,0.56,7.10,127.0,53,0.030,163,0.026,176,0.029,151,0.040,138,0.030,163,0.040,158,0.034,148,0.042,163,0.038,162,0.020,153,0.025,151,0.030,165,0.039,144,0.024,125,0.025,119,0.014, 65,0.072,  5,0.116,350,0.154,348,0.115,346,0.086,  0,0.059,340,0.035,340,0.030,304,0.041,313,0.034,298,0.033,275,0.030,298,0.046,292,0.047,295,0.044,267,0.056,279,0.060,299,0.078,300,0.077,286,0.037,244,0.039,287,0.030,285,0.103,236,0.111,244,0.074,252,0.037,256,0.064,313,0.083,302,0.057,297,0.047,297,0.031,285,0.057,267,0.049,271,0.046,306,0.024,294,0.025,284,-32768.000,-32768
<FINISH>
   29,26,01,17,05,07,38,31,0.62,5.20,233.0,20684.000,0.79,7.00,189.0,53,0.012,104,0.008,130,0.017,156,0.019,144,0.007,196,0.021,161,0.020,150,0.039,176,0.023,173,0.043,173,0.062,157,0.060,182,0.074,198,0.061,196,0.069,193,0.050,199,0.038,229,0.036,236,0.048,225,0.044,189,0.021,208,0.022,236,0.026,272,0.011,195,0.016,243,0.013,247,0.022,260,0.041,278,0.046,269,0.053,295,0.035,262,0.037,226,0.017,263,0.047,354,0.068,320,0.035,267,0.034,297,0.017,213,0.101,253,0.100,253,0.053,243,0.043,270,0.058,296,0.056,292,0.039,323,0.030,319,0.024,248,0.039,252,0.051,298,0.023,293,0.023,221,0.004,346,-32768.000,-32768
<FINISH>
   30,26,01,17,05,37,38,31,0.39,5.40,105.0,20775.000,0.50,7.90,76.0,53,0.010,107,0.005,143,0.008,140,0.031,112,0.032,110,0.033,130,0.036,148,0.026,130,0.032,156,0.040,127,0.051,128,0.044,164,0.015,169,0.021,180,0.019,186,0.005,143,0.016,108,0.021,109,0.014,115,0.017,193,0.019,174,0.025,203,0.020,186,0.017,197,0.009,174,0.020,186,0.020,213,0.009,159,0.013,241,0.035,285,0.021,217,0.031,234,0.035,283,0.053,324,0.069,323,0.038,315,0.029,272,0.048,252,0.088,254,0.094,248,0.078,236,0.074,228,0.067,268,0.058,301,0.077,318,0.047,312,0.029,280,0.024,225,0.017,260,0.011,248,0.016,166,0.018,151,-32768.000,-32768
<FINISH>
   31,26,01,17,06,07,38,31,0.48,16.90,321.0,20829.000,0.61,8.00,349.0,53,0.008, 23,0.012,355,0.014, 30,0.004,194,0.011,131,0.015,143,0.022,150,0.019,159,0.018,112,0.012, 70,0.017,115,0.015, 82,0.007, 82,0.008, 45,0.009,159,0.009,257,0.010,264,0.002, 63,0.013, 13,0.005,307,0.005,233,0.016,184,0.017,213,0.021,203,0.036,174,0.039,173,0.040,171,0.034,175,0.041,155,0.041,181,0.045,196,0.029,215,0.021,307,0.058,330,0.073,314,0.044,271,0.041,285,0.043,291,0.064,234,0.092,260,0.071,245,0.039,234,0.031,239,0.038,265,0.047,318,0.050,331,0.015, 16,0.006,129,0.032,204,0.025,169,0.022,144,0.013,108,-32768.000,-32768
<FINISH>
   32,26,01,17,06,37,38,31,0.47,5.20,171.0,20881.000,0.59,7.40,214.0,53,0.002,  0,0.008,113,0.006,219,0.014,146,0.009,111,0.003,180,0.005,180,0.011,142,0.004,180,0.015, 94,0.017,121,0.014,180,0.003,270,0.010,180,0.009,198,0.004,315,0.015,160,0.007,153,0.003,108,0.010,119,0.006, 90,0.007,146,0.014,214,0.011,207,0.020,180,0.027,193,0.037,171,0.034,148,0.029,151,0.030,152,0.025,191,0.011,124,0.006, 18,0.054,343,0.070,339,0.039,310,0.023,277,0.008,310,0.039,228,0.069,247,0.037,237,0.048,240,0.047,258,0.050,292,0.050,321,0.045,354,0.026, 13,0.015,110,0.012,194,0.017,152,0.008,240,0.016,176,-32768.000,-32768
<FINISH>
   33,26,01,17,07,07,38,31,0.65,5.00,268.0,20941.000,0.83,6.70,312.0,53,0.011,175,0.011,170,0.011,128,0.012,149,0.007,106,0.009,122,0.003,180,0.013,113,0.012,121,0.013,162,0.010,107,0.005,169,0.017,121,0.016,117,0.014,111,0.015,152,0.006,141,0.012,275,0.009,324,0.010,114,0.013, 32,0.010, 24,0.011,221,0.010,197,0.015,160,0.025,180,0.033,166,0.028,178,0.017,190,0.016,215,0.018,273,0.021,355,0.018, 74,0.031,341,0.078,332,0.059,345,0.024,265,0.038,284,0.070,262,0.050,256,0.044,239,0.031,253,0.030,253,0.045,318,0.065,333,0.043,339,0.008,310,0.017,277,0.010,299,0.003,135,0.017,187,0.025,201,-32768.000,-32768
<FINISH>
   34,26,01,17,07,37,38,31,0.55,5.20,20.0,21002.000,0.70,7.40,323.0,53,0.026,  9,0.022, 24,0.014, 12,0.026,  9,0.034, 10,0.029,340,0.024,351,0.024,  5,0.024,  0,0.019,348,0.034,358,0.025,355,0.030,358,0.031, 13,0.033,  3,0.029, 20,0.023,  2,0.041,  0,0.025, 16,0.010,  6,0.021,331,0.011,319,0.000,  0,0.013,241,0.017,205,0.026,176,0.030,184,0.029,182,0.036,201,0.025,191,0.037,197,0.046,203,0.049,199,0.048,202,0.043,206,0.056,218,0.023,245,0.006, 90,0.051,227,0.057,168,0.080,174,0.063,194,0.062,192,0.051,186,0.047,192,0.033,178,0.035,204,0.023,214,0.026,187,0.018,196,0.017,193,0.004,236,-32768.000,-32768
<FINISH>
   35,26,01,17,08,07,38,31,0.54,5.20,63.0,21028.000,0.69,6.90,61.0,53,0.007, 56,0.001,270,0.005,338,0.007,352,0.007,  0,0.010,  0,0.001,  0,0.016,292,0.011,  0,0.017, 45,0.011, 15,0.014, 12,0.010, 29,0.016, 15,0.017, 33,0.020,  3,0.033, 23,0.017,  3,0.006, 39,0.009,117,0.005,349,0.011, 49,0.023,162,0.026,173,0.026,187,0.021,175,0.022,137,0.015,184,0.018,183,0.016,277,0.006,329,0.012,180,0.017,220,0.016,235,0.028,274,0.024,248,0.038,219,0.001, 90,0.036,267,0.041,195,0.041,195,0.038,207,0.026,208,0.014,249,0.025,265,0.019,288,0.009,234,0.015,208,0.018,221,0.011,195,0.016,230,0.005, 68,-32768.000,-32768
<FINISH>
   36,26,01,17,08,37,38,31,0.51,14.90,19.0,21047.000,0.65,7.30,355.0,53,0.008, 30,0.024, 88,0.025, 67,0.021, 59,0.014,321,0.015,356,0.021, 17,0.008,330,0.022,  8,0.021, 28,0.031, 22,0.028, 15,0.028,358,0.033, 18,0.025, 18,0.025, 29,0.019, 43,0.020, 24,0.014, 45,0.004,117,0.004,166,0.012,145,0.017,152,0.022,210,0.013,148,0.012,171,0.007, 82,0.010,349,0.010,354,0.023,353,0.012,351,0.010,197,0.009, 69,0.004, 34,0.012,228,0.046,241,0.052,220,0.060,119,0.157,188,0.188,186,0.184,186,0.107,197,0.082,196,0.067,203,0.052,204,0.027,216,0.028,206,0.042,214,0.033,198,0.034,194,0.037,199,0.031,180,-32768.000,-32768
<FINISH>
   37,26,01,17,09,07,38,31,0.62,5.00,343.0,21038.000,0.79,6.70,1.0,53,0.003, 90,0.009, 63,0.025, 95,0.018, 38,0.019,357,0.023, 10,0.023,345,0.023,353,0.022,344,0.025,344,0.032,  0,0.031,  0,0.039,  3,0.030, 14,0.027,356,0.014,356,0.025, 14,0.003,252,0.003,  0,0.013,157,0.018,135,0.024,118,0.015,118,0.007,164,0.010,299,0.020,323,0.032,349,0.032,347,0.035,325,0.021,346,0.011, 34,0.008, 40,0.008,166,0.026,164,0.068,185,0.085,183,0.047,171,0.070,126,0.195,181,0.327,168,0.312,175,0.128,187,0.080,184,0.047,170,0.050,194,0.039,183,0.046,182,0.045,166,0.053,157,0.039,165,0.037,166,0.043,167,-32768.000,-32768
<FINISH>
   38,26,01,17,09,37,38,31,0.54,5.00,145.0,20993.000,0.69,7.00,30.0,53,0.017, 17,0.005, 37,0.013, 18,0.018, 27,0.007, 16,0.011,319,0.022,  5,0.020,  9,0.027,358,0.023,347,0.036,351,0.036,351,0.032,  2,0.016, 11,0.017, 36,0.013, 48,0.013,184,0.013,171,0.022,129,0.013, 29,0.016,194,0.009,270,0.012,290,0.026,328,0.032,332,0.025,333,0.022,304,0.013,243,0.016,252,0.022,188,0.029,205,0.037,221,0.042,215,0.052,210,0.070,212,0.091,174,0.072,150,0.071,144,0.154,175,0.250,153,0.234,165,0.141,192,0.090,186,0.064,194,0.064,206,0.066,183,0.077,176,0.087,170,0.079,168,0.090,163,0.085,170,0.070,168,-32768.000,-32768
<FINISH>
   39,26,01,17,10,07,38,31,0.49,5.40,103.0,20969.000,0.62,7.70,156.0,53,0.008,  7,0.009, 36,0.005, 22,0.008, 40,0.014, 69,0.014,  4,0.013, 18,0.009, 18,0.010,  0,0.012, 20,0.018,357,0.025, 23,0.023,345,0.006,351,0.021, 61,0.003,108,0.018,142,0.016,162,0.009,131,0.018, 34,0.009,354,0.015,298,0.026,324,0.031,351,0.051,337,0.034,333,0.016,346,0.023,311,0.028,314,0.015,254,0.035,248,0.041,242,0.040,220,0.056,201,0.067,190,0.080,188,0.064,149,0.078,126,0.205,166,0.334,150,0.290,159,0.122,188,0.070,184,0.060,185,0.071,157,0.062,147,0.048,167,0.052,162,0.050,160,0.050,170,0.049,168,0.051,176,-32768.000,-32768
<FINISH>
   40,26,01,17,10,37,38,31,0.53,14.90,281.0,20913.000,0.67,7.70,344.0,53,0.016,125,0.008,220,0.010, 29,0.013, 39,0.013, 39,0.016, 45,0.011, 80,0.026, 53,0.024, 30,0.017, 66,0.032, 46,0.018, 49,0.007, 63,0.016, 35,0.013,148,0.012,121,0.017,159,0.003,225,0.003,180,0.008, 45,0.015,344,0.022, 22,0.010, 45,0.007,124,0.006, 99,0.013,157,0.026,169,0.024,192,0.003,252,0.027,276,0.051,282,0.042,266,0.055,245,0.041,248,0.052,236,0.066,208,0.085,162,0.140,155,0.286,179,0.337,167,0.239,182,0.111,225,0.085,230,0.095,216,0.104,194,0.099,181,0.119,174,0.125,165,0.110,162,0.137,165,0.134,168,0.122,159,-32768.000,-32768
<FINISH>
   41,26,01,17,11,07,38,31,0.50,5.00,335.0,20849.000,0.64,7.50,3.0,53,0.013, 18,0.004, 27,0.006,270,0.004,326,0.011, 75,0.008,310,0.009, 58,0.006,239,0.002, 90,0.013, 99,0.008,104,0.007,146,0.007,180,0.017,121,0.027,167,0.038,153,0.023,139,0.021,175,0.021,137,0.010,114,0.008, 30,0.004, 14,0.011, 10,0.015,344,0.015, 70,0.006, 90,0.026,148,0.016,133,0.008,300,0.023,299,0.039,310,0.042,292,0.035,295,0.032,304,0.035,299,0.023,180,0.067,160,0.152,169,0.290,189,0.309,188,0.288,202,0.195,203,0.166,209,0.158,203,0.154,206,0.168,200,0.174,195,0.167,190,0.151,186,0.149,182,0.127,179,0.104,163,-32768.000,-32768
<FINISH>
   42,26,01,17,11,37,38,31,0.62,16.90,129.0,20788.000,0.79,6.60,64.0,53,0.013, 32,0.012,340,0.010, 29,0.014,330,0.015, 37,0.014,  0,0.007,278,0.012, 81,0.016, 72,0.017, 93,0.012, 95,0.003,198,0.014,184,0.021,151,0.027,126,0.028,139,0.012,145,0.005,143,0.018, 90,0.017,107,0.007, 56,0.019, 18,0.015, 20,0.012, 20,0.018, 47,0.016, 63,0.006,162,0.009,234,0.037,289,0.047,306,0.045,298,0.030,293,0.035,292,0.071,279,0.046,275,0.032,221,0.072,178,0.182,182,0.187,182,0.204,169,0.090,193,0.042,262,0.067,303,0.065,309,0.032,281,0.071,204,0.124,189,0.142,188,0.145,180,0.147,175,0.142,173,0.139,161,-32768.000,-32768
<FINISH>
   44,26,01,17,12,37,38,31,0.64,5.00,159.0,20663.000,0.81,6.10,299.0,53,0.009, 21,0.016, 50,0.020, 30,0.009, 77,0.009, 77,0.024, 57,0.025, 92,0.010,114,0.008,113,0.009, 32,0.017,135,0.013,157,0.011,139,0.017,156,0.012,132,0.036,148,0.028,125,0.017,114,0.012,132,0.010,169,0.014, 39,0.016, 11,0.009,  0,0.009, 18,0.018,  0,0.005, 90,0.018,196,0.014,225,0.033,281,0.030,276,0.026,239,0.027,260,0.050,263,0.048,276,0.051,233,0.073,155,0.165,146,0.317,163,0.363,159,0.381,159,0.178,186,0.085,213,0.105,254,0.080,208,0.161,179,0.204,165,0.239,164,0.256,161,0.235,163,0.224,168,0.178,163,0.175,163,-32768.000,-32768
<FINISH>
   45,26,01,17,13,07,38,31,0.47,5.20,48.0,20623.000,0.60,7.10,332.0,53,0.014, 36,0.027, 51,0.014, 54,0.021, 31,0.009, 36,0.019, 21,0.014, 54,0.002,  0,0.005, 68,0.015, 16,0.005,349,0.014, 94,0.008,157,0.016,176,0.022,112,0.016, 90,0.016, 47,0.014, 51,0.018, 27,0.006, 18,0.019, 28,0.021,352,0.001,  0,0.006,270,0.008,130,0.008, 14,0.008,293,0.027,272,0.025,254,0.030,258,0.022,238,0.035,239,0.038,223,0.044,215,0.078,202,0.083,157,0.145,159,0.411,156,0.582,155,0.597,159,0.304,170,0.175,176,0.118,175,0.122,183,0.175,169,0.246,160,0.272,165,0.272,164,0.242,162,0.236,162,0.202,164,0.174,154,-32768.000,-32768
<FINISH>
   46,26,01,17,13,37,38,31,0.57,5.00,24.0,20613.000,0.73,6.20,88.0,53,0.007, 90,0.010,163,0.007,146,0.007,214,0.010,101,0.004,104,0.020, 72,0.024, 95,0.021, 67,0.025,101,0.012,114,0.015, 74,0.025, 97,0.015, 79,0.032, 88,0.015, 67,0.016, 11,0.028, 15,0.020, 20,0.022, 18,0.030,  4,0.030,  2,0.034,343,0.017,  3,0.013, 48,0.006, 90,0.027,236,0.031,233,0.023,232,0.043,214,0.048,219,0.037,237,0.026,277,0.052,240,0.040,198,0.089,143,0.158,159,0.368,173,0.484,173,0.493,174,0.220,188,0.122,213,0.076,239,0.086,211,0.196,180,0.270,175,0.268,172,0.260,170,0.242,170,0.235,174,0.201,165,0.174,161,-32768.000,-32768
<FINISH>
   47,26,01,17,14,07,38,31,0.60,5.00,169.0,20581.000,0.76,6.30,123.0,53,0.033,267,0.029,308,0.022,324,0.003, 45,0.006,162,0.022,201,0.019,168,0.010,225,0.015,164,0.002,180,0.016,232,0.024,240,0.022,254,0.010,294,0.024,343,0.022,344,0.017, 10,0.010, 53,0.027, 66,0.027, 51,0.023, 41,0.013, 23,0.028, 73,0.020, 41,0.014,111,0.005,  0,0.014,219,0.043,205,0.029,239,0.036,234,0.028,235,0.041,245,0.057,251,0.068,231,0.063,226,0.099,177,0.138,190,0.316,184,0.514,179,0.538,183,0.261,192,0.128,193,0.042,176,0.036,342,0.018,279,0.091,208,0.171,196,0.205,185,0.209,187,0.195,184,0.160,179,0.141,172,-32768.000,-32768
<FINISH>
   48,26,01,17,14,37,38,31,0.56,14.90,302.0,20589.000,0.72,6.40,262.0,53,0.010, 53,0.011,105,0.011, 63,0.014,150,0.024,118,0.029, 96,0.025,108,0.024,109,0.026,106,0.031,103,0.021,115,0.023,105,0.011, 75,0.008,104,0.008, 67,0.020, 96,0.021,109,0.003,225,0.007, 74,0.008, 50,0.010,323,0.013, 58,0.012, 31,0.006,211,0.005,233,0.025,249,0.016,263,0.054,251,0.037,286,0.042,325,0.042,312,0.059,307,0.065,311,0.039,280,0.074,275,0.027,163,0.125,191,0.333,184,0.496,179,0.508,182,0.239,208,0.107,222,0.072,260,0.066,260,0.084,206,0.147,185,0.162,183,0.191,181,0.186,188,0.183,179,0.134,185,0.112,190,-32768.000,-32768
<FINISH>
   49,26,01,17,15,07,38,31,0.51,14.90,26.0,20633.000,0.65,6.60,3.0,53,0.002, 90,0.012,305,0.011,158,0.002, 90,0.011, 80,0.026, 81,0.033, 92,0.025,119,0.020,123,0.022,137,0.020,120,0.024,144,0.030,132,0.014,150,0.018,119,0.022,198,0.014, 39,0.004, 45,0.025, 53,0.008,353,0.016,270,0.005,307,0.039, 21,0.027,347,0.022,333,0.012,228,0.005,143,0.028,342,0.037,349,0.021,335,0.042,298,0.055,312,0.045,312,0.055,296,0.039,267,0.017,237,0.052,223,0.103,199,0.083,243,0.065,288,0.065,230,0.048,219,0.065,257,0.082,250,0.073,241,0.094,239,0.053,223,0.058,217,0.069,224,0.045,198,0.053,206,0.059,200,-32768.000,-32768
<FINISH>
   50,26,01,17,15,37,38,31,0.51,14.90,157.0,20683.000,0.65,7.40,308.0,53,0.007,180,0.001,270,0.012,261,0.007,352,0.004, 34,0.004,104,0.016, 52,0.022, 47,0.017, 33,0.014, 51,0.005,158,0.005,143,0.010,343,0.013,351,0.008, 90,0.021,346,0.008,315,0.019,351,0.013,318,0.022,260,0.022,260,0.025,241,0.024,213,0.035,207,0.032,176,0.030,182,0.057,180,0.032,221,0.034,240,0.035,290,0.042,287,0.065,293,0.056,277,0.083,272,0.092,262,0.047,243,0.070, 40,0.223, 47,0.398, 32,0.440, 41,0.207, 38,0.056,359,0.037,324,0.037, 34,0.050, 99,0.076, 96,0.104, 77,0.120, 59,0.127, 54,0.116, 57,0.087, 66,0.060, 75,-32768.000,-32768
<FINISH>
   51,26,01,17,16,07,38,31,0.59,5.20,147.0,20753.000,0.75,6.00,9.0,53,0.022,300,0.015,352,0.014,352,0.026, 32,0.039, 31,0.040, 25,0.019,  6,0.018,333,0.009,347,0.020,349,0.018,351,0.014,348,0.019,348,0.020,315,0.026,298,0.021,298,0.037,261,0.032,250,0.033,237,0.043,220,0.049,207,0.056,187,0.055,197,0.050,200,0.058,206,0.056,195,0.058,207,0.072,221,0.064,229,0.070,244,0.071,241,0.087,225,0.112,230,0.103,222,0.102,219,0.094,202,0.009,139,0.152, 39,0.330, 32,0.414, 38,0.176, 46,0.035,188,0.087,214,0.064,191,0.025,222,0.010,233,0.020,174,0.006, 81,0.043, 36,0.051, 51,0.069, 34,0.051, 36,-32768.000,-32768
<FINISH>
   52,26,01,17,16,37,38,31,0.51,14.90,176.0,20841.000,0.65,7.80,282.0,53,0.017,  7,0.017,  0,0.014, 21,0.008, 60,0.016, 76,0.006, 90,0.002,270,0.008, 97,0.017,294,0.004,297,0.010,197,0.007,278,0.016,288,0.009,201,0.005,270,0.011,275,0.014,236,0.030,194,0.030,210,0.031,199,0.023,178,0.040,226,0.053,196,0.069,200,0.051,196,0.051,207,0.077,208,0.079,235,0.094,248,0.110,253,0.115,256,0.128,243,0.129,247,0.126,254,0.102,263,0.066,267,0.048, 33,0.192, 40,0.436, 37,0.465, 31,0.323, 38,0.126, 12,0.068,296,0.084,295,0.072,288,0.063,322,0.088, 19,0.150, 41,0.179, 39,0.170, 38,0.147, 41,0.124, 49,-32768.000,-32768
<FINISH>
   53,26,01,17,17,07,38,31,0.53,14.90,155.0,20957.000,0.67,6.90,83.0,53,0.031,135,0.030,120,0.035,114,0.030,136,0.033,134,0.038,152,0.033,140,0.028,153,0.015,148,0.011,165,0.022,148,0.012,156,0.010,143,0.009,276,0.016,300,0.021,309,0.014,216,0.011,207,0.018,276,0.044,279,0.041,298,0.047,277,0.024,253,0.042,251,0.049,255,0.052,235,0.068,217,0.077,234,0.109,241,0.123,252,0.149,250,0.160,246,0.179,243,0.170,257,0.155,259,0.108,263,0.015,274,0.126, 11,0.304, 35,0.471, 33,0.359, 42,0.103,356,0.087,285,0.139,264,0.129,258,0.069,301,0.120, 29,0.178, 42,0.186, 36,0.155, 43,0.135, 44,0.118, 42,-32768.000,-32768
<FINISH>
   54,26,01,17,17,37,38,31,0.60,5.00,26.0,21068.000,0.76,6.80,352.0,53,0.026,121,0.022,159,0.021,135,0.029,128,0.026,126,0.025,130,0.023,131,0.014,144,0.022,153,0.024,156,0.015,191,0.013,222,0.019,212,0.014,192,0.017,239,0.022,223,0.024,248,0.033,259,0.057,261,0.062,266,0.051,266,0.054,265,0.058,247,0.065,234,0.069,248,0.067,237,0.072,235,0.079,234,0.097,241,0.125,242,0.148,243,0.178,244,0.189,248,0.167,252,0.148,254,0.130,263,0.036,246,0.117,  1,0.268, 37,0.445, 26,0.358, 37,0.132, 10,0.116,299,0.127,274,0.158,265,0.145,264,0.086,264,0.047, 16,0.143, 35,0.173, 36,0.151, 44,0.120, 43,-32768.000,-32768
<FINISH>
   55,26,01,17,18,07,38,31,0.55,14.90,127.0,21190.000,0.69,7.00,105.0,53,0.016, 79,0.022,141,0.019,137,0.023,119,0.024,132,0.029, 96,0.028,139,0.019,126,0.022,120,0.029,139,0.039,142,0.041,152,0.032,146,0.032,169,0.018,174,0.027,163,0.027,182,0.027,184,0.032,202,0.044,194,0.045,226,0.057,226,0.052,214,0.048,240,0.070,237,0.065,243,0.085,261,0.091,268,0.099,257,0.098,256,0.122,253,0.151,253,0.178,247,0.182,252,0.163,263,0.160,272,0.056,263,0.064,357,0.280, 46,0.461, 35,0.445, 28,0.231, 30,0.056,330,0.123,274,0.161,266,0.160,260,0.052,311,0.147, 38,0.212, 43,0.197, 44,0.154, 47,0.131, 45,-32768.000,-32768
<FINISH>
   56,26,01,17,18,37,38,31,0.59,5.00,253.0,21296.000,0.75,6.10,306.0,53,0.010,180,0.006,129,0.012,175,0.013,176,0.016,187,0.026,144,0.008, 90,0.003,162,0.007,153,0.022,159,0.031,161,0.034,157,0.026,173,0.034,178,0.037,178,0.023,173,0.031,173,0.024,180,0.030,152,0.018,193,0.027,214,0.045,209,0.038,209,0.048,219,0.069,229,0.092,239,0.093,245,0.095,247,0.102,246,0.112,248,0.140,244,0.152,242,0.170,240,0.155,253,0.160,255,0.155,263,0.095,253,0.029,352,0.172, 41,0.383, 33,0.463, 25,0.247, 24,0.066,316,0.117,272,0.158,259,0.199,252,0.186,252,0.076,257,0.064, 47,0.158, 40,0.159, 43,0.130, 43,-32768.000,-32768
<FINISH>
   57,26,01,17,19,07,38,31,0.53,5.40,293.0,21391.000,0.67,6.00,337.0,53,0.012,325,0.006, 90,0.006,129,0.012,145,0.020,213,0.009,167,0.017,177,0.012,138,0.009,186,0.011,218,0.013,108,0.015,172,0.024,202,0.018,186,0.023,185,0.020,169,0.024,173,0.020,177,0.013,135,0.009,186,0.007,146,0.006,288,0.024,258,0.040,235,0.064,237,0.059,235,0.072,231,0.093,240,0.100,244,0.098,246,0.107,247,0.128,245,0.139,242,0.142,252,0.150,253,0.143,260,0.118,263,0.043,298,0.154, 29,0.359, 35,0.437, 22,0.290, 30,0.062,311,0.103,270,0.163,264,0.177,253,0.219,255,0.162,261,0.048,307,0.098, 39,0.131, 40,0.117, 45,-32768.000,-32768
<FINISH>
   58,26,01,17,19,37,38,31,0.70,5.20,131.0,21479.000,0.90,6.10,37.0,53,0.013,312,0.004,207,0.015, 86,0.012,194,0.019,212,0.003,162,0.017,234,0.009,243,0.033,256,0.029,229,0.011,202,0.019,205,0.024,261,0.038,252,0.038,255,0.033,235,0.031,237,0.048,227,0.044,229,0.035,204,0.057,219,0.027,239,0.020,240,0.014,210,0.013,222,0.029,264,0.047,246,0.038,243,0.056,258,0.077,254,0.098,251,0.121,247,0.132,255,0.137,253,0.119,264,0.117,269,0.107,272,0.046,272,0.114,  2,0.344, 25,0.545, 14,0.468, 21,0.168,  2,0.079,299,0.079,287,0.110,277,0.133,272,0.141,260,0.121,260,0.062,259,0.081, 11,0.101, 32,-32768.000,-32768
<FINISH>
   59,26,01,17,20,07,38,31,0.60,14.90,261.0,21548.000,0.76,6.50,322.0,53,0.025,189,0.026,203,0.009,207,0.023,180,0.029,182,0.022,193,0.029,198,0.032,210,0.023,227,0.013,231,0.021,253,0.018,214,0.017,193,0.021,242,0.021,247,0.009,243,0.005,191,0.005, 68,0.013,  9,0.040, 42,0.029, 31,0.063, 20,0.039, 29,0.043, 54,0.042, 27,0.023, 31,0.019, 72,0.060, 63,0.069, 82,0.083, 75,0.097, 73,0.126, 69,0.156, 81,0.224, 61,0.222, 57,0.200, 42,0.170, 36,0.164, 34,0.198, 42,0.428, 32,0.576, 16,0.514, 21,0.319, 25,0.230, 37,0.264, 42,0.307, 42,0.378, 46,0.416, 51,0.389, 52,0.345, 51,0.272, 60,0.213, 59,-32768.000,-32768
<FINISH>
   60,26,01,17,20,37,38,31,0.74,5.00,11.0,21585.000,0.94,5.50,32.0,53,0.037,209,0.038,180,0.040,198,0.028,195,0.031,178,0.034,199,0.023,193,0.012,180,0.004,153,0.009,198,0.013,261,0.013,261,0.016,256,0.010,217,0.009,306,0.033,320,0.055,332,0.132,333,0.144,330,0.134,340,0.109,333,0.109,337,0.142,335,0.129,349,0.133,348,0.114,351,0.130,344,0.151,347,0.162,  2,0.177,  1,0.172,356,0.202,357,0.259,354,0.329,  4,0.354, 12,0.415, 16,0.510, 13,0.436, 19,0.232, 35,0.446, 29,0.661, 16,0.620, 20,0.518, 21,0.560, 22,0.604, 22,0.598, 20,0.527, 16,0.436, 12,0.317, 10,0.268, 10,0.209,  9,0.181, 11,-32768.000,-32768
<FINISH>
   61,26,01,17,21,07,38,31,0.56,14.90,53.0,21608.000,0.71,7.30,14.0,53,0.021,203,0.013,193,0.006,225,0.026,178,0.028,180,0.029,215,0.019,212,0.025,214,0.027,195,0.020,169,0.012,235,0.011,280,0.024,315,0.024,341,0.066,342,0.118,333,0.147,347,0.139,337,0.120,344,0.124,345,0.156,340,0.173,352,0.143,349,0.168,340,0.140,331,0.181,337,0.209,341,0.248,331,0.231,327,0.227,314,0.263,320,0.250,332,0.252,338,0.248,345,0.306,353,0.368,  2,0.387,  4,0.297, 15,0.179, 26,0.387, 31,0.598, 19,0.538, 22,0.360, 19,0.380, 17,0.472, 14,0.503, 12,0.461, 10,0.382,  4,0.308,  3,0.247,353,0.191,344,0.165,350,-32768.000,-32768
<FINISH>
   62,26,01,17,21,37,38,31,0.52,5.00,235.0,21592.000,0.66,6.40,190.0,53,0.022,167,0.021,197,0.028,190,0.012,121,0.010,197,0.022,219,0.017,193,0.020,221,0.042,227,0.030,237,0.023,218,0.037,235,0.025,214,0.022,288,0.021,325,0.049,333,0.113,325,0.119,329,0.112,327,0.101,335,0.112,332,0.151,316,0.174,321,0.178,315,0.168,327,0.173,339,0.167,331,0.192,329,0.158,324,0.187,317,0.177,314,0.200,316,0.202,322,0.210,335,0.219,332,0.248,341,0.306,353,0.214,  8,0.150, 34,0.384, 31,0.480, 19,0.383, 19,0.300, 19,0.333, 11,0.400,  3,0.378,355,0.349,345,0.277,339,0.220,334,0.194,334,0.178,337,0.110,335,-32768.000,-32768
<FINISH>
   63,26,01,17,22,07,38,31,0.65,5.00,23.0,21543.000,0.83,6.20,36.0,53,0.024,303,0.023,268,0.023,265,0.011,202,0.035,263,0.021,215,0.009,234,0.031,292,0.029,232,0.017,280,0.031,277,0.035,292,0.040,314,0.067,334,0.069,324,0.079,337,0.096,314,0.103,319,0.098,328,0.113,325,0.117,315,0.125,317,0.109,321,0.119,321,0.102,329,0.099,322,0.107,324,0.094,312,0.118,313,0.152,312,0.128,313,0.117,316,0.129,315,0.114,313,0.138,336,0.152,337,0.190,353,0.118, 21,0.138, 45,0.270, 33,0.251, 22,0.214, 28,0.217,  4,0.216,  8,0.230,  2,0.234,  6,0.201,352,0.165,  6,0.104,355,0.093,354,0.098,  6,0.081,343,-32768.000,-32768
<FINISH>
   64,26,01,17,22,37,38,31,0.53,14.90,109.0,21463.000,0.68,6.70,20.0,53,0.021,270,0.012,261,0.013,270,0.019,201,0.028,270,0.015,180,0.026,208,0.006,288,0.011,304,0.021,215,0.019,245,0.015,290,0.024,332,0.022,292,0.031,299,0.020,285,0.042,301,0.069,309,0.112,307,0.119,327,0.114,320,0.077,327,0.085,326,0.109,325,0.086,330,0.072,324,0.064,329,0.070,301,0.075,316,0.088,313,0.092,321,0.109,319,0.104,298,0.083,303,0.074,314,0.084,343,0.091,357,0.069, 50,0.185, 44,0.533, 36,0.606, 32,0.476, 32,0.391, 34,0.295, 35,0.270, 22,0.243, 16,0.216, 15,0.181, 13,0.128, 12,0.141,356,0.101,  2,0.103,358,-32768.000,-32768
<FINISH>
   65,26,01,17,23,07,38,31,0.41,14.90,75.0,21357.000,0.51,8.10,145.0,53,0.012,250,0.006,279,0.005,169,0.026,227,0.040,194,0.034,180,0.035,225,0.018,221,0.031,238,0.030,225,0.031,225,0.021,199,0.030,206,0.028,212,0.037,215,0.020,240,0.030,230,0.043,226,0.039,273,0.038,328,0.079,313,0.078,332,0.081,331,0.076,326,0.084,320,0.098,318,0.099,317,0.105,307,0.093,320,0.085,321,0.094,328,0.116,330,0.141,330,0.113,336,0.086,  1,0.086, 11,0.131, 19,0.091, 71,0.194, 67,0.229, 35,0.223, 41,0.179, 56,0.177, 23,0.132, 29,0.170, 22,0.164, 24,0.174, 23,0.171, 22,0.154, 19,0.147,  9,0.123,  4,0.097,  7,-32768.000,-32768
<FINISH>
   66,26,01,17,23,37,38,31,0.59,5.00,315.0,21251.000,0.75,6.20,269.0,53,0.025,192,0.036,177,0.013,193,0.021,199,0.032,173,0.024,132,0.006,231,0.011,315,0.023,285,0.028,224,0.031,237,0.027,197,0.039,228,0.030,242,0.023,211,0.022,254,0.018,289,0.025,268,0.028,300,0.039,331,0.048,311,0.038,333,0.047,305,0.055,297,0.081,300,0.089,319,0.086,322,0.106,330,0.113,323,0.122,322,0.091,316,0.054,308,0.058,314,0.044,323,0.071,351,0.089,357,0.088, 29,0.114, 70,0.217, 48,0.194, 32,0.193, 31,0.104, 21,0.095, 33,0.096, 11,0.129, 12,0.120,  9,0.120, 17,0.114, 16,0.118, 28,0.135, 25,0.160, 14,0.124, 26,-32768.000,-32768
<FINISH>
   67,26,01,18,00,07,38,31,0.55,5.70,243.0,21136.000,0.69,7.10,243.0,53,0.022,114,0.018,161,0.018,142,0.017,152,0.022,164,0.019,162,0.019,198,0.021,191,0.029,190,0.024,213,0.033,226,0.022,204,0.026,219,0.024,228,0.029,218,0.034,223,0.024,222,0.015,169,0.020,180,0.035,233,0.021,242,0.039,264,0.017,315,0.050,276,0.033,313,0.031,345,0.065,337,0.116,320,0.138,343,0.133,342,0.122,327,0.102,326,0.065,317,0.078,337,0.126,356,0.122,  0,0.072, 19,0.082, 60,0.193, 36,0.215, 25,0.207, 26,0.144, 11,0.125, 10,0.117,359,0.147,  5,0.176, 24,0.122, 14,0.122,  8,0.144, 17,0.158, 20,0.169, 19,0.090, 21,-32768.000,-32768
<FINISH>
   68,26,01,18,00,37,38,31,0.57,5.00,150.0,21017.000,0.73,6.70,201.0,53,0.013,122,0.010,114,0.012, 48,0.012, 90,0.005, 68,0.010,163,0.018,151,0.022,201,0.020,225,0.009,270,0.025,258,0.033,229,0.029,234,0.009,276,0.023,270,0.019,242,0.028,255,0.021,270,0.019,242,0.028,270,0.040,264,0.026,252,0.038,264,0.043,273,0.044,278,0.042,326,0.034,332,0.074,358,0.080,  1,0.102,353,0.091,337,0.066,318,0.064,  3,0.079,338,0.096,340,0.117,357,0.072, 39,0.113, 42,0.284, 29,0.297, 22,0.271, 19,0.241, 16,0.210,  8,0.164, 11,0.166,  7,0.183,  6,0.140,360,0.117, 12,0.114,  9,0.155, 18,0.137,  8,0.109,358,-32768.000,-32768
<FINISH>
   69,26,01,18,01,07,38,31,0.45,14.90,329.0,20900.000,0.57,7.30,315.0,53,0.023, 90,0.025, 81,0.015, 58,0.020, 41,0.016, 30,0.012,265,0.007, 90,0.004,284,0.029,258,0.025,230,0.019,254,0.021,227,0.024,251,0.022,283,0.027,257,0.035,270,0.036,257,0.033,273,0.040,270,0.020,261,0.035,255,0.029,258,0.041,271,0.026,254,0.039,232,0.024,202,0.019,125,0.039, 72,0.023, 95,0.015,176,0.051,182,0.077,191,0.088,198,0.081,205,0.052,212,0.018,313,0.029,350,0.026, 23,0.046, 20,0.139, 26,0.091,  9,0.070,  1,0.064,346,0.053,324,0.019,201,0.031,243,0.065,288,0.016, 83,0.042,120,0.089, 86,0.062,125,0.047,171,-32768.000,-32768
<FINISH>
   70,26,01,18,01,37,38,31,0.49,14.90,46.0,20791.000,0.62,8.40,331.0,53,0.028, 72,0.017, 45,0.008,157,0.016, 86,0.023,100,0.023,119,0.016, 50,0.013,321,0.014,262,0.010,233,0.016,220,0.032,256,0.026,293,0.037,273,0.028,251,0.016,281,0.028,270,0.038,279,0.051,271,0.034,272,0.015,281,0.033,263,0.034,260,0.036,260,0.034,232,0.030,258,0.027,278,0.011,232,0.040,214,0.059,227,0.090,224,0.166,231,0.196,225,0.199,233,0.183,242,0.089,240,0.034,353,0.141, 39,0.234, 16,0.268,  7,0.139,357,0.097,315,0.091,293,0.099,288,0.080,265,0.090,239,0.066,229,0.041,257,0.013,293,0.030,195,0.145,210,0.175,227,-32768.000,-32768
<FINISH>
   71,26,01,18,02,07,38,31,0.61,5.20,151.0,20691.000,0.78,6.10,116.0,53,0.012,355,0.008,293,0.012,250,0.011, 22,0.010, 90,0.005,270,0.008,300,0.014, 21,0.016,320,0.023,304,0.012,279,0.013,302,0.024,343,0.030,256,0.037,297,0.032,274,0.034,246,0.016,243,0.023,245,0.031,233,0.030,262,0.033,232,0.033,225,0.037,261,0.015,233,0.020,177,0.018,133,0.050,175,0.135,169,0.135,173,0.138,178,0.177,188,0.184,184,0.191,194,0.180,201,0.137,201,0.005,338,0.017, 54,0.020,340,0.067, 15,0.031,299,0.053,250,0.074,239,0.141,220,0.158,212,0.172,209,0.120,209,0.078,202,0.117,187,0.110,196,0.082,208,0.038,248,-32768.000,-32768
<FINISH>
   72,26,01,18,02,37,38,31,0.52,14.90,163.0,20626.000,0.66,9.10,248.0,53,0.018,326,0.005, 11,0.013,331,0.025,304,0.012,336,0.015,290,0.023,319,0.013,331,0.020,330,0.012,318,0.035,310,0.016,315,0.020,276,0.017,306,0.028,274,0.016,297,0.010,276,0.013,252,0.013,228,0.028,228,0.027,222,0.019,208,0.022,202,0.034,220,0.024,192,0.010,114,0.007,207,0.022,141,0.018,243,0.024,210,0.069,217,0.125,235,0.258,236,0.331,230,0.332,229,0.226,221,0.119,276,0.073,223,0.064,353,0.101,359,0.082,274,0.139,248,0.196,250,0.222,241,0.254,238,0.187,238,0.083,233,0.027,211,0.022,170,0.029,178,0.040,208,0.025,225,-32768.000,-32768
<FINISH>
   73,26,01,18,03,07,38,31,0.50,5.00,103.0,20581.000,0.64,7.80,80.0,53,0.015,  8,0.016, 22,0.015, 11,0.020,354,0.002,180,0.006,309,0.016,277,0.031,291,0.026,295,0.017,257,0.022,302,0.013,331,0.024,248,0.012,294,0.016,215,0.027,222,0.018,225,0.017,237,0.018,186,0.015,233,0.013,212,0.028,174,0.013,180,0.025,180,0.036,182,0.029,174,0.029,172,0.028,190,0.056,220,0.131,181,0.109,188,0.108,210,0.134,216,0.290,231,0.385,231,0.337,224,0.288,258,0.325,226,0.091,298,0.104,341,0.274,251,0.322,242,0.355,238,0.332,236,0.286,231,0.196,238,0.125,216,0.097,229,0.074,199,0.075,192,0.030,200,0.026,239,-32768.000,-32768
<FINISH>
   74,26,01,18,03,37,38,31,0.56,5.00,132.0,20550.000,0.71,6.20,191.0,53,0.009,328,0.009,249,0.018,289,0.014,326,0.021,307,0.020,300,0.014,282,0.009,229,0.021,267,0.018,289,0.016,230,0.013,198,0.005,292,0.025,196,0.020,225,0.012,171,0.021,197,0.027,214,0.019,216,0.022,210,0.030,184,0.017,130,0.011,243,0.003,225,0.009, 77,0.045,140,0.060,172,0.065,191,0.074,181,0.081,192,0.089,192,0.100,194,0.129,223,0.330,233,0.458,232,0.412,224,0.349,255,0.410,233,0.112,258,0.122,254,0.318,248,0.379,242,0.443,234,0.436,230,0.303,238,0.213,234,0.146,217,0.102,227,0.081,242,0.068,217,0.072,252,0.048,219,-32768.000,-32768
<FINISH>
   75,26,01,18,04,07,38,31,0.39,14.90,31.0,20546.000,0.50,8.90,43.0,53,0.013, 45,0.008, 76,0.013, 51,0.016, 79,0.003,108,0.004,243,0.006,171,0.010,174,0.020,229,0.015,233,0.022,196,0.010,204,0.020,246,0.017,220,0.015,176,0.026,203,0.022,202,0.024,197,0.025,192,0.016,225,0.028,215,0.026,209,0.019,231,0.028,226,0.042,230,0.052,285,0.064,247,0.056,239,0.062,238,0.076,224,0.069,211,0.052,212,0.042,185,0.077,218,0.274,232,0.327,225,0.320,258,0.463,228,0.255,233,0.222,241,0.421,243,0.367,240,0.335,235,0.198,235,0.165,233,0.132,238,0.129,240,0.107,242,0.086,246,0.085,247,0.074,248,0.052,260,-32768.000,-32768
<FINISH>
   76,26,01,18,04,37,38,31,0.58,14.90,11.0,20553.000,0.73,7.10,30.0,53,0.021, 67,0.031, 53,0.037, 57,0.011, 80,0.009,144,0.008,263,0.011,243,0.011,153,0.017,115,0.009,148,0.008,203,0.008,130,0.007,304,0.015,180,0.029,229,0.024,215,0.026,272,0.025,252,0.026,266,0.034,265,0.031,277,0.047,295,0.045,273,0.072,271,0.056,253,0.057,225,0.064,240,0.069,247,0.063,247,0.065,233,0.037,223,0.038,210,0.018,229,0.058,255,0.052,257,0.038,219,0.058,278,0.194,219,0.085,269,0.068,261,0.209,249,0.124,247,0.085,261,0.074,254,0.053,257,0.038,247,0.035,246,0.033,230,0.036,264,0.040,282,0.015,262,0.021,278,-32768.000,-32768
<FINISH>
   77,26,01,18,05,07,38,31,0.54,5.20,146.0,20616.000,0.69,6.60,140.0,53,0.015, 86,0.011, 38,0.014,120,0.003, 18,0.007,180,0.017,156,0.013,176,0.011,221,0.004,153,0.008,130,0.010,180,0.021,221,0.013,176,0.017,197,0.027,231,0.019,261,0.024,272,0.030,262,0.028,240,0.028,253,0.038,279,0.028,280,0.058,270,0.045,270,0.058,260,0.064,272,0.053,254,0.077,253,0.079,260,0.061,270,0.054,228,0.039,186,0.034,197,0.040,230,0.057,252,0.048,227,0.035,295,0.026,263,0.011,322,0.018,225,0.137,228,0.062,263,0.049,268,0.029,226,0.039,235,0.044,257,0.012,346,0.034,265,0.050,258,0.100,276,0.113,273,0.090,273,-32768.000,-32768
<FINISH>
   78,26,01,18,05,37,38,31,0.66,5.20,15.0,20672.000,0.83,6.30,346.0,53,0.013, 39,0.009, 63,0.007, 98,0.005, 22,0.014, 17,0.014,107,0.000,  0,0.010,281,0.010,191,0.001, 90,0.004,284,0.008,270,0.013,279,0.024,242,0.029,266,0.017,253,0.014,253,0.032,261,0.030,258,0.036,252,0.045,257,0.059,275,0.047,258,0.041,259,0.051,230,0.052,232,0.057,229,0.053,216,0.056,210,0.045,179,0.049,172,0.053,166,0.046,166,0.038,194,0.026,227,0.025,214,0.012,301,0.033,218,0.052,302,0.024,265,0.193,287,0.042,242,0.030,229,0.035,239,0.033,226,0.031,205,0.039,210,0.044,191,0.038,182,0.038,205,0.024,234,0.014,249,-32768.000,-32768
<FINISH>
   79,26,01,18,06,07,38,31,0.56,5.40,105.0,20736.000,0.71,7.80,128.0,53,0.013, 94,0.008,130,0.015,191,0.012,200,0.015,148,0.011,124,0.016,215,0.013,225,0.016,218,0.009,167,0.021,233,0.024,268,0.027,266,0.021,245,0.014,240,0.026,242,0.019,264,0.038,240,0.025,220,0.036,281,0.059,270,0.056,255,0.057,262,0.053,237,0.060,228,0.052,252,0.055,235,0.047,226,0.039,232,0.040,199,0.046,187,0.036,157,0.027,165,0.021,251,0.041,254,0.049,225,0.036,281,0.015,328,0.042,287,0.019,252,0.082,228,0.067,233,0.076,239,0.061,248,0.038,267,0.023,275,0.014,236,0.027,180,0.035,192,0.043,198,0.029,221,0.032,219,-32768.000,-32768
<FINISH>
   80,26,01,18,06,37,38,31,0.63,5.00,145.0,20812.000,0.80,6.40,143.0,53,0.024, 54,0.013, 77,0.010, 79,0.004,146,0.005,158,0.014,270,0.011,190,0.012,261,0.020,290,0.025,244,0.018,257,0.025,238,0.023,211,0.027,248,0.022,249,0.042,228,0.038,256,0.039,243,0.031,237,0.042,242,0.042,245,0.041,236,0.057,223,0.055,233,0.065,241,0.061,244,0.048,240,0.053,212,0.041,208,0.047,170,0.031,149,0.018,153,0.021,227,0.023,239,0.044,249,0.058,216,0.022,257,0.010,101,0.058,249,0.047,245,0.072,235,0.067,230,0.075,240,0.049,252,0.041,241,0.023,232,0.013,247,0.030,152,0.028,184,0.038,174,0.031,174,0.027,188,-32768.000,-32768
<FINISH>
   81,26,01,18,07,07,38,31,0.73,5.00,17.0,20895.000,0.93,6.00,20.0,53,0.008,320,0.009, 32,0.005,270,0.010,233,0.007,196,0.008,256,0.014,274,0.029,260,0.028,240,0.021,256,0.030,264,0.033,265,0.025,252,0.025,254,0.026,238,0.026,261,0.039,249,0.045,231,0.040,238,0.044,221,0.051,234,0.066,211,0.045,225,0.049,223,0.056,220,0.056,229,0.050,223,0.037,209,0.025,212,0.039,174,0.046,167,0.045,151,0.042,161,0.020,169,0.018,243,0.010,253,0.016,243,0.013,270,0.056,270,0.054,269,0.048,257,0.035,243,0.045,254,0.023,257,0.017,303,0.011,153,0.019,162,0.019,183,0.038,158,0.024,187,0.033,205,0.038,217,-32768.000,-32768
<FINISH>
   82,26,01,18,07,37,38,31,0.45,5.90,174.0,20969.000,0.58,7.70,177.0,53,0.041,322,0.027,303,0.033,311,0.026,309,0.023,283,0.038,265,0.035,286,0.025,272,0.031,257,0.032,279,0.027,301,0.024,251,0.027,278,0.023,280,0.036,260,0.043,242,0.043,232,0.050,228,0.050,236,0.053,216,0.038,237,0.057,231,0.045,224,0.032,234,0.026,211,0.024,261,0.018,279,0.011,117,0.013,193,0.008,247,0.015,184,0.016,230,0.028,221,0.043,221,0.046,212,0.059,219,0.024,242,0.021,301,0.054,237,0.040,196,0.063,192,0.052,216,0.045,220,0.049,221,0.051,220,0.034,208,0.030,217,0.025,185,0.018,209,0.016,223,0.030,204,0.021,185,-32768.000,-32768
<FINISH>
   83,26,01,18,08,07,38,31,0.64,5.00,67.0,21016.000,0.82,5.90,98.0,53,0.031,292,0.034,291,0.039,267,0.048,283,0.053,271,0.043,273,0.039,269,0.016,270,0.047,282,0.036,279,0.046,285,0.039,270,0.057,225,0.046,228,0.031,213,0.035,263,0.036,246,0.027,274,0.033,282,0.023,280,0.009,342,0.007,304,0.006, 99,0.015,157,0.013,162,0.009,139,0.003,225,0.009, 32,0.014,291,0.037,297,0.016,308,0.020,250,0.021,219,0.031,186,0.044,184,0.046,173,0.037,178,0.019, 84,0.064,204,0.046,185,0.052,178,0.065,200,0.047,198,0.038,210,0.024,199,0.031,207,0.020,237,0.022,243,0.023,270,0.027,329,0.016,322,0.010,246,-32768.000,-32768
<FINISH>
   84,26,01,18,08,37,38,31,0.54,5.00,305.0,21046.000,0.68,7.50,295.0,53,0.042,239,0.042,242,0.036,217,0.051,247,0.034,225,0.024,251,0.031,238,0.031,234,0.036,264,0.034,278,0.041,293,0.040,286,0.033,270,0.040,236,0.036,208,0.048,193,0.028,198,0.023,223,0.018,248,0.010,246,0.006,321,0.025,320,0.024,303,0.019,328,0.029,304,0.036,328,0.032,306,0.048,301,0.050,300,0.056,293,0.047,291,0.035,295,0.025,258,0.035,237,0.039,204,0.057,196,0.043,224,0.009,319,0.040,222,0.040,159,0.059,163,0.082,203,0.055,208,0.041,197,0.042,220,0.039,258,0.032,279,0.047,298,0.068,297,0.054,299,0.067,302,0.053,286,-32768.000,-32768
<FINISH>
   85,26,01,18,09,07,38,31,0.62,5.00,169.0,21072.000,0.79,6.20,319.0,53,0.048,220,0.048,223,0.043,218,0.045,223,0.050,240,0.043,240,0.044,223,0.039,240,0.043,237,0.047,255,0.049,262,0.056,260,0.043,249,0.055,235,0.047,227,0.052,223,0.043,222,0.048,227,0.049,223,0.045,239,0.038,245,0.036,268,0.036,264,0.021,278,0.015,286,0.021,325,0.021,299,0.033,299,0.035,315,0.035,290,0.042,300,0.065,283,0.075,290,0.045,288,0.024,279,0.021,317,0.004,346,0.016,128,0.045,313,0.039,144,0.056,157,0.045,213,0.021,191,0.015,184,0.011,308,0.024,324,0.041,296,0.055,278,0.049,278,0.037,281,0.021,262,0.023,260,-32768.000,-32768
<FINISH>
   86,26,01,18,09,37,38,31,0.49,5.20,105.0,21073.000,0.63,6.90,90.0,53,0.027,228,0.032,216,0.037,218,0.035,213,0.030,203,0.048,233,0.042,222,0.038,227,0.036,226,0.037,243,0.041,252,0.048,250,0.050,240,0.045,243,0.054,240,0.052,239,0.034,233,0.038,247,0.030,243,0.034,240,0.035,227,0.034,253,0.046,257,0.052,273,0.053,275,0.049,250,0.053,273,0.050,282,0.052,281,0.051,279,0.072,281,0.066,280,0.055,284,0.030,303,0.028,312,0.029,239,0.039,224,0.013,108,0.014,253,0.076,162,0.086,165,0.068,193,0.049,192,0.025,180,0.012,228,0.022,291,0.044,297,0.072,284,0.075,290,0.059,284,0.049,281,0.045,278,-32768.000,-32768
<FINISH>
   87,26,01,18,10,07,38,31,0.46,13.40,301.0,21051.000,0.58,7.50,327.0,53,0.037,246,0.050,250,0.040,237,0.044,239,0.055,244,0.035,213,0.029,235,0.038,225,0.030,237,0.040,240,0.038,242,0.048,240,0.043,255,0.044,250,0.038,242,0.047,245,0.036,233,0.036,240,0.040,240,0.046,252,0.034,243,0.033,265,0.041,248,0.041,257,0.050,256,0.061,248,0.060,258,0.074,264,0.054,280,0.071,277,0.063,283,0.070,288,0.047,295,0.028,283,0.005,349,0.020,195,0.052,188,0.048,150,0.114,195,0.108,167,0.119,161,0.095,168,0.050,175,0.030,208,0.013,228,0.016,243,0.022,270,0.060,289,0.055,291,0.062,283,0.040,270,0.039,266,-32768.000,-32768
<FINISH>
   88,26,01,18,10,37,38,31,0.51,5.40,203.0,20997.000,0.64,7.70,187.0,53,0.030,236,0.034,236,0.035,233,0.031,234,0.024,228,0.026,257,0.042,226,0.026,233,0.035,239,0.043,228,0.049,227,0.045,223,0.043,217,0.042,228,0.055,213,0.041,232,0.030,228,0.044,240,0.044,242,0.046,244,0.045,243,0.050,256,0.041,269,0.037,259,0.031,251,0.047,257,0.052,265,0.053,256,0.061,275,0.052,261,0.069,283,0.070,292,0.062,291,0.066,308,0.059,323,0.036,351,0.035,108,0.152,162,0.436,179,0.579,160,0.584,166,0.245,190,0.152,164,0.068,160,0.018,196,0.038,290,0.036,234,0.064,186,0.078,182,0.110,175,0.135,170,0.109,168,-32768.000,-32768
<FINISH>
   89,26,01,18,11,07,38,31,0.58,13.40,335.0,20960.000,0.74,6.90,321.0,53,0.042,255,0.040,252,0.036,252,0.045,254,0.041,260,0.049,250,0.042,245,0.039,238,0.040,242,0.041,254,0.038,247,0.033,249,0.032,236,0.028,219,0.036,232,0.039,252,0.032,242,0.031,249,0.031,243,0.041,250,0.036,252,0.039,261,0.051,270,0.033,256,0.037,236,0.043,259,0.056,251,0.064,248,0.053,248,0.049,261,0.070,267,0.070,272,0.062,269,0.050,289,0.059,318,0.030, 21,0.069,123,0.184,159,0.513,154,0.683,147,0.659,148,0.413,168,0.289,158,0.148,159,0.088,159,0.107,171,0.126,156,0.137,156,0.156,155,0.189,155,0.187,159,0.168,159,-32768.000,-32768
<FINISH>
   90,26,01,18,11,37,38,31,0.53,19.50,186.0,20907.000,0.67,7.80,220.0,53,0.047,234,0.045,235,0.048,233,0.046,234,0.038,247,0.041,244,0.038,228,0.035,229,0.053,250,0.051,252,0.043,246,0.045,261,0.045,246,0.039,228,0.035,226,0.049,243,0.035,243,0.033,239,0.030,237,0.041,232,0.034,233,0.033,261,0.039,246,0.045,261,0.036,257,0.033,268,0.040,258,0.061,260,0.050,236,0.049,234,0.072,263,0.053,257,0.069,261,0.075,289,0.064,305,0.035,  7,0.085,157,0.212,168,0.536,158,0.627,154,0.585,161,0.237,172,0.186,153,0.121,157,0.131,161,0.153,154,0.163,155,0.179,156,0.192,153,0.182,154,0.191,156,0.174,159,-32768.000,-32768
<FINISH>
   91,26,01,18,12,07,38,31,0.67,5.00,243.0,20818.000,0.84,6.30,31.0,53,0.044,235,0.046,224,0.042,230,0.041,244,0.056,234,0.044,234,0.048,253,0.041,264,0.051,255,0.052,266,0.045,252,0.043,252,0.043,234,0.037,235,0.038,233,0.037,224,0.046,228,0.042,213,0.041,218,0.036,216,0.026,219,0.036,238,0.038,245,0.037,259,0.043,259,0.048,268,0.042,249,0.045,237,0.053,229,0.071,226,0.067,233,0.066,245,0.047,261,0.047,286,0.049,284,0.023, 18,0.079,163,0.254,170,0.543,157,0.590,154,0.497,164,0.215,174,0.150,160,0.143,170,0.162,159,0.171,152,0.162,157,0.153,155,0.164,151,0.199,154,0.182,160,0.163,153,-32768.000,-32768
<FINISH>
   92,26,01,18,12,37,38,31,0.55,19.50,347.0,20750.000,0.70,8.50,55.0,53,0.038,229,0.036,238,0.043,241,0.048,248,0.045,222,0.037,259,0.044,254,0.043,246,0.039,241,0.044,257,0.042,252,0.049,251,0.032,231,0.041,221,0.031,205,0.034,207,0.037,225,0.042,240,0.037,223,0.029,254,0.025,243,0.031,255,0.040,260,0.043,273,0.034,262,0.034,267,0.046,252,0.037,234,0.053,227,0.064,222,0.061,228,0.053,258,0.059,269,0.061,282,0.059,286,0.026, 32,0.088,157,0.247,163,0.494,153,0.502,151,0.306,171,0.125,174,0.089,153,0.119,159,0.110,157,0.114,156,0.126,164,0.137,156,0.141,154,0.162,157,0.157,163,0.148,157,-32768.000,-32768
<FINISH>
   93,26,01,18,13,07,38,31,0.49,14.90,13.0,20701.000,0.62,9.40,16.0,53,0.025,227,0.028,235,0.025,220,0.038,217,0.029,226,0.028,232,0.033,226,0.043,239,0.033,243,0.042,240,0.032,259,0.033,250,0.043,240,0.038,237,0.032,221,0.040,231,0.028,221,0.043,231,0.036,219,0.047,235,0.046,232,0.038,227,0.033,229,0.031,268,0.029,266,0.034,255,0.028,287,0.041,270,0.044,267,0.048,240,0.057,235,0.064,252,0.052,270,0.044,295,0.052,317,0.036, 71,0.097,154,0.275,180,0.478,164,0.451,160,0.299,172,0.076,164,0.046,169,0.073,180,0.100,172,0.103,165,0.105,168,0.136,165,0.135,155,0.149,155,0.128,163,0.131,153,-32768.000,-32768
<FINISH>
   94,26,01,18,13,37,38,31,0.56,5.90,234.0,20633.000,0.71,6.60,254.0,53,0.029,224,0.032,206,0.034,225,0.030,233,0.026,241,0.030,255,0.027,246,0.037,232,0.048,249,0.030,242,0.038,242,0.027,270,0.043,249,0.040,260,0.047,266,0.051,258,0.051,255,0.047,236,0.034,244,0.037,239,0.041,242,0.025,238,0.022,286,0.034,256,0.042,266,0.044,283,0.040,279,0.040,271,0.047,261,0.052,254,0.056,266,0.053,282,0.040,302,0.040,298,0.021,307,0.021,101,0.115,142,0.364,176,0.529,172,0.472,170,0.253,186,0.139,173,0.093,163,0.079,182,0.102,179,0.108,179,0.120,176,0.134,171,0.130,170,0.134,167,0.115,172,0.106,162,-32768.000,-32768
<FINISH>
   95,26,01,18,14,07,38,31,0.48,5.00,289.0,20586.000,0.61,7.20,281.0,53,0.029,218,0.021,209,0.032,214,0.029,216,0.028,253,0.021,221,0.027,239,0.032,221,0.033,219,0.035,243,0.034,247,0.042,242,0.053,270,0.046,257,0.040,249,0.044,256,0.051,270,0.040,266,0.028,276,0.036,283,0.038,268,0.020,267,0.031,276,0.042,289,0.048,292,0.047,276,0.048,274,0.067,270,0.061,267,0.071,272,0.056,294,0.058,315,0.036,307,0.014,326,0.023,124,0.086,131,0.138,142,0.383,174,0.620,167,0.648,166,0.462,180,0.345,176,0.269,172,0.173,178,0.122,188,0.133,187,0.151,180,0.155,176,0.150,175,0.163,176,0.141,173,0.124,165,-32768.000,-32768
<FINISH>
   96,26,01,18,14,37,38,31,0.55,19.50,240.0,20576.000,0.70,8.80,317.0,53,0.021,221,0.028,221,0.033,227,0.022,216,0.036,218,0.027,236,0.033,232,0.034,246,0.039,247,0.030,240,0.041,254,0.036,256,0.054,261,0.064,267,0.055,268,0.036,272,0.048,281,0.041,285,0.054,270,0.042,274,0.045,276,0.052,287,0.056,284,0.054,289,0.065,289,0.061,287,0.066,273,0.054,258,0.061,251,0.060,262,0.036,268,0.042,274,0.025,268,0.021,262,0.002,180,0.075,119,0.124,142,0.396,173,0.658,162,0.713,161,0.458,184,0.253,164,0.159,159,0.108,167,0.128,171,0.155,161,0.170,162,0.193,160,0.179,162,0.165,161,0.144,162,0.144,159,-32768.000,-32768
<FINISH>
   97,26,01,18,15,07,38,31,0.44,19.50,155.0,20588.000,0.55,8.70,165.0,53,0.009,193,0.015,212,0.020,264,0.019,258,0.021,265,0.023,280,0.029,274,0.024,272,0.028,276,0.046,268,0.047,272,0.037,286,0.042,282,0.031,283,0.058,286,0.051,285,0.057,277,0.047,281,0.037,296,0.043,293,0.045,282,0.047,301,0.040,305,0.037,279,0.046,265,0.045,246,0.059,253,0.073,248,0.067,240,0.051,248,0.041,266,0.035,265,0.017,253,0.003,252,0.026,121,0.071,128,0.130,144,0.352,173,0.500,170,0.501,167,0.349,168,0.217,163,0.155,160,0.136,164,0.138,163,0.148,165,0.182,167,0.164,167,0.167,167,0.164,164,0.133,166,0.125,158,-32768.000,-32768
<FINISH>
   98,26,01,18,15,37,38,31,0.58,5.20,83.0,20606.000,0.73,6.60,105.0,53,0.026,249,0.026,270,0.027,280,0.030,272,0.039,273,0.040,290,0.037,287,0.042,284,0.050,275,0.050,273,0.055,283,0.045,292,0.045,292,0.049,262,0.062,283,0.052,277,0.048,280,0.045,282,0.048,294,0.047,286,0.034,285,0.045,284,0.070,270,0.081,268,0.076,259,0.063,256,0.059,256,0.049,258,0.058,270,0.040,286,0.009, 84,0.039,108,0.062,107,0.087,111,0.113,118,0.109,130,0.174,142,0.382,181,0.577,172,0.598,167,0.355,163,0.238,148,0.222,141,0.182,152,0.169,145,0.157,153,0.161,162,0.134,171,0.117,180,0.132,182,0.122,178,0.110,173,-32768.000,-32768
<FINISH>
   99,26,01,18,16,07,38,31,0.50,5.20,161.0,20654.000,0.63,7.30,31.0,53,0.010,253,0.016,259,0.030,270,0.016,263,0.022,246,0.026,263,0.026,259,0.040,266,0.030,285,0.031,264,0.032,244,0.036,264,0.040,269,0.020,261,0.044,258,0.044,250,0.049,265,0.049,262,0.043,273,0.029,258,0.043,271,0.034,267,0.036,273,0.050,268,0.057,242,0.051,259,0.050,245,0.035,254,0.039,289,0.054,330,0.055,  5,0.068, 32,0.066, 47,0.069, 60,0.076, 85,0.073, 99,0.130,132,0.312,178,0.569,180,0.570,174,0.334,180,0.175,162,0.136,134,0.111,147,0.127,159,0.142,163,0.123,165,0.103,168,0.072,182,0.067,188,0.059,179,0.079,167,-32768.000,-32768
<FINISH>
  100,26,01,18,16,37,38,31,0.58,5.00,341.0,20746.000,0.73,7.00,330.0,53,0.036,247,0.021,247,0.029,250,0.027,243,0.037,224,0.031,238,0.043,246,0.041,229,0.036,243,0.055,243,0.055,246,0.046,251,0.038,247,0.052,247,0.060,247,0.056,258,0.048,269,0.050,279,0.048,288,0.049,285,0.029,276,0.029,272,0.035,263,0.052,260,0.049,246,0.045,249,0.034,243,0.021,259,0.028,  4,0.049,  6,0.090,  6,0.095, 32,0.100, 52,0.106, 64,0.104, 77,0.071, 84,0.142,135,0.324,175,0.522,173,0.537,162,0.359,165,0.181,142,0.173,129,0.133,131,0.131,123,0.143,146,0.154,154,0.135,162,0.087,168,0.064,179,0.082,174,0.119,176,-32768.000,-32768
<FINISH>
  101,26,01,18,17,07,38,31,0.39,19.50,309.0,20844.000,0.50,7.30,326.0,53,0.022,238,0.023,257,0.020,243,0.035,239,0.031,239,0.038,250,0.038,229,0.032,252,0.044,243,0.047,243,0.046,238,0.041,244,0.049,233,0.050,233,0.039,220,0.045,223,0.056,221,0.052,234,0.047,234,0.035,245,0.035,255,0.031,245,0.028,270,0.039,251,0.051,239,0.043,246,0.027,248,0.029,290,0.052,337,0.083,340,0.089,  2,0.098, 15,0.096, 41,0.096, 55,0.095, 71,0.099, 74,0.110,122,0.236,167,0.366,177,0.291,153,0.222,147,0.138,109,0.129, 98,0.108, 90,0.105, 72,0.073, 88,0.081,136,0.095,162,0.098,175,0.069,184,0.038,187,0.057,169,-32768.000,-32768
<FINISH>
  102,26,01,18,17,37,38,31,0.52,5.40,135.0,20946.000,0.66,7.40,132.0,53,0.031,297,0.023,295,0.033,288,0.034,267,0.042,267,0.037,254,0.041,256,0.050,275,0.029,262,0.028,235,0.041,239,0.039,246,0.039,249,0.035,237,0.032,206,0.035,243,0.047,222,0.042,223,0.045,230,0.045,237,0.038,220,0.038,219,0.042,223,0.046,222,0.039,238,0.022,246,0.020,281,0.014,287,0.021,355,0.044, 23,0.072, 18,0.079, 29,0.081, 49,0.100, 68,0.113, 69,0.084, 73,0.068, 81,0.128, 68,0.263, 41,0.391, 40,0.328, 47,0.172, 77,0.154, 86,0.128, 78,0.123, 73,0.122, 64,0.129, 62,0.139, 47,0.125, 35,0.103, 37,0.074, 37,0.060, 35,-32768.000,-32768
<FINISH>
  103,26,01,18,18,07,38,31,0.59,5.00,358.0,21048.000,0.75,5.90,54.0,53,0.035,283,0.034,298,0.041,284,0.043,288,0.037,256,0.045,267,0.036,256,0.041,254,0.049,257,0.041,248,0.037,254,0.038,252,0.040,242,0.048,254,0.039,247,0.046,244,0.043,239,0.046,233,0.055,235,0.033,259,0.031,232,0.029,215,0.032,216,0.047,211,0.049,181,0.048,191,0.040,190,0.014,168,0.019, 58,0.023, 41,0.061, 66,0.081, 80,0.092, 79,0.098, 74,0.122, 79,0.134, 69,0.139, 71,0.216, 72,0.363, 50,0.606, 43,0.631, 50,0.343, 55,0.196, 68,0.150, 70,0.098, 86,0.045, 98,0.102, 72,0.193, 66,0.220, 56,0.219, 60,0.190, 61,0.162, 62,-32768.000,-32768
<FINISH>
  104,26,01,18,18,37,38,31,0.46,5.70,151.0,21188.000,0.58,7.50,6.0,53,0.028,249,0.030,242,0.041,252,0.032,256,0.044,243,0.047,257,0.054,263,0.052,254,0.051,248,0.051,242,0.049,244,0.051,252,0.046,254,0.036,240,0.034,240,0.037,244,0.034,230,0.040,245,0.044,235,0.045,230,0.034,242,0.039,232,0.032,257,0.031,253,0.034,240,0.026,212,0.039,186,0.038,169,0.044,164,0.046,169,0.024,171,0.015,349,0.049, 18,0.056, 35,0.088, 43,0.123, 31,0.121, 36,0.141, 63,0.336, 56,0.676, 44,0.769, 46,0.547, 53,0.306, 50,0.233, 40,0.187, 40,0.180, 50,0.250, 56,0.307, 49,0.298, 55,0.254, 57,0.211, 55,0.176, 59,-32768.000,-32768
<FINISH>
  105,26,01,18,19,07,38,31,0.59,5.00,39.0,21322.000,0.75,7.40,305.0,53,0.042,270,0.039,269,0.036,270,0.036,268,0.028,264,0.048,258,0.054,268,0.037,259,0.039,269,0.050,251,0.041,252,0.044,253,0.048,249,0.049,238,0.044,240,0.047,236,0.036,219,0.038,223,0.044,252,0.038,229,0.027,231,0.026,220,0.032,204,0.013,219,0.026,216,0.036,188,0.042,177,0.054,174,0.065,167,0.063,160,0.029,145,0.029, 61,0.043, 44,0.062, 55,0.081, 45,0.093, 39,0.118, 42,0.138, 71,0.324, 53,0.658, 46,0.738, 32,0.635, 37,0.376, 47,0.357, 34,0.400, 37,0.382, 38,0.319, 42,0.309, 42,0.258, 45,0.221, 44,0.163, 46,0.143, 52,-32768.000,-32768
<FINISH>
  106,26,01,18,19,37,38,31,0.65,5.20,99.0,21427.000,0.83,6.40,123.0,53,0.037,239,0.043,244,0.041,233,0.043,241,0.044,256,0.053,253,0.044,245,0.052,239,0.044,243,0.055,252,0.043,267,0.043,240,0.049,250,0.055,242,0.046,234,0.041,225,0.041,225,0.032,212,0.037,223,0.031,233,0.038,233,0.030,217,0.037,216,0.039,203,0.036,219,0.043,193,0.056,183,0.055,193,0.065,185,0.085,182,0.072,175,0.047,165,0.021, 73,0.078, 30,0.108, 41,0.137, 48,0.143, 38,0.114, 66,0.277, 55,0.571, 40,0.706, 26,0.680, 38,0.438, 45,0.384, 35,0.386, 31,0.365, 34,0.368, 36,0.371, 36,0.305, 37,0.247, 34,0.174, 38,0.134, 50,-32768.000,-32768
<FINISH>
  107,26,01,18,20,07,38,31,0.64,5.00,15.0,21524.000,0.81,6.20,9.0,53,0.030,217,0.026,220,0.019,231,0.036,257,0.036,267,0.047,255,0.046,261,0.051,260,0.046,254,0.045,256,0.034,268,0.040,252,0.045,275,0.046,259,0.039,246,0.032,229,0.023,173,0.012,250,0.016,  7,0.035, 37,0.045, 45,0.089, 33,0.096, 44,0.098, 41,0.124, 45,0.134, 40,0.165, 45,0.143, 44,0.168, 44,0.164, 45,0.186, 49,0.239, 42,0.285, 42,0.360, 40,0.479, 43,0.626, 50,0.722, 49,0.687, 52,0.552, 75,0.464, 40,0.411, 29,0.415, 34,0.528, 53,0.770, 56,0.897, 55,0.786, 54,0.654, 46,0.545, 43,0.448, 40,0.356, 43,0.270, 48,0.228, 47,-32768.000,-32768
<FINISH>
  108,26,01,18,20,37,38,31,0.64,5.00,231.0,21605.000,0.81,6.30,267.0,53,0.027,207,0.043,195,0.047,208,0.043,213,0.048,214,0.048,218,0.045,205,0.040,220,0.044,231,0.043,248,0.047,246,0.055,250,0.042,234,0.034,251,0.025,244,0.032,257,0.038,272,0.034,310,0.067, 15,0.141, 15,0.169, 22,0.166, 16,0.140, 12,0.162, 25,0.174, 39,0.176, 37,0.206, 33,0.265, 27,0.290, 25,0.324, 25,0.369, 25,0.342, 31,0.320, 36,0.374, 31,0.452, 27,0.481, 24,0.577, 21,0.581, 21,0.304, 48,0.498, 28,0.663, 13,0.650, 21,0.645, 26,0.716, 25,0.731, 23,0.643, 17,0.533, 14,0.423, 11,0.332, 11,0.292, 12,0.272, 10,0.254, 22,-32768.000,-32768
<FINISH>
  109,26,01,18,21,07,38,31,0.72,5.00,167.0,21642.000,0.92,6.00,154.0,53,0.035,229,0.042,220,0.049,224,0.056,226,0.063,223,0.042,220,0.054,226,0.046,221,0.029,224,0.039,241,0.047,226,0.045,226,0.047,245,0.048,248,0.037,254,0.043,245,0.062,256,0.070,297,0.103,309,0.162,325,0.170,333,0.130,324,0.138,342,0.158,340,0.145,333,0.137,334,0.142,336,0.137,338,0.130,334,0.162,334,0.152,327,0.176,333,0.146,339,0.112,337,0.179,340,0.238,348,0.303,353,0.345,  5,0.196, 11,0.474, 36,0.597, 31,0.598, 29,0.474, 29,0.505, 20,0.530, 13,0.457,  4,0.358,357,0.257,354,0.188,  4,0.175,  4,0.179,  4,0.168,  7,-32768.000,-32768
<FINISH>
  110,26,01,18,21,37,38,31,0.72,19.50,167.0,21646.000,0.92,8.10,289.0,53,0.038,267,0.031,263,0.037,256,0.046,248,0.036,247,0.034,232,0.031,248,0.024,242,0.031,251,0.031,253,0.038,242,0.034,268,0.043,236,0.046,247,0.055,246,0.032,272,0.061,289,0.051,299,0.057,285,0.045,310,0.065,321,0.069,323,0.062,310,0.067,296,0.050,312,0.030,311,0.028,322,0.033,297,0.039,280,0.038,293,0.035,285,0.035,285,0.042,281,0.045,290,0.044,306,0.082,335,0.126,353,0.113,355,0.154, 42,0.438, 37,0.679, 27,0.685, 25,0.495, 29,0.421, 23,0.400, 20,0.320, 19,0.260, 15,0.220, 12,0.180, 20,0.165, 14,0.173,  8,0.141, 14,-32768.000,-32768
<FINISH>
  111,26,01,18,22,07,38,31,0.53,19.50,67.0,21624.000,0.67,8.20,82.0,53,0.036,283,0.040,284,0.051,269,0.045,265,0.051,261,0.039,271,0.052,268,0.042,260,0.035,278,0.042,270,0.038,265,0.037,268,0.033,275,0.048,278,0.055,268,0.049,270,0.047,290,0.040,291,0.046,285,0.051,306,0.056,297,0.059,298,0.042,297,0.031,302,0.028,288,0.034,293,0.026,293,0.030,266,0.028,244,0.040,230,0.049,209,0.054,209,0.059,215,0.054,207,0.055,244,0.050,293,0.058,330,0.046,334,0.133, 32,0.369, 40,0.585, 31,0.564, 30,0.342, 24,0.243, 11,0.182,  1,0.132,  2,0.124,  7,0.115, 29,0.112, 30,0.109, 37,0.096, 36,0.113, 36,-32768.000,-32768
<FINISH>
  112,26,01,18,22,37,38,31,0.67,19.50,159.0,21562.000,0.85,6.80,234.0,53,0.025,272,0.017,270,0.032,246,0.041,245,0.031,239,0.027,253,0.034,240,0.022,252,0.028,252,0.026,249,0.028,260,0.030,261,0.028,255,0.038,245,0.040,247,0.037,248,0.028,257,0.033,254,0.037,262,0.046,256,0.051,290,0.055,302,0.047,297,0.042,301,0.037,278,0.035,275,0.035,282,0.024,275,0.036,286,0.031,276,0.047,276,0.059,261,0.061,261,0.069,249,0.059,250,0.049,277,0.050,300,0.019,  6,0.180, 45,0.437, 35,0.519, 30,0.432, 32,0.280, 29,0.261, 29,0.288, 29,0.214, 30,0.192, 40,0.206, 37,0.190, 43,0.179, 35,0.157, 27,0.125, 22,-32768.000,-32768
<FINISH>
  113,26,01,18,23,07,38,31,0.76,5.20,191.0,21494.000,0.96,6.80,273.0,53,0.011,311,0.019,309,0.016,285,0.016,263,0.021,270,0.016,338,0.013,288,0.020,311,0.008,293,0.021,289,0.029,272,0.043,245,0.033,243,0.020,221,0.019,223,0.032,231,0.029,274,0.050,287,0.028,283,0.027,257,0.037,304,0.037,301,0.038,307,0.027,276,0.016,256,0.025,270,0.045,256,0.045,260,0.029,268,0.042,253,0.060,252,0.064,252,0.074,239,0.075,245,0.078,262,0.075,279,0.052,266,0.054, 20,0.218, 49,0.393, 39,0.324, 31,0.244, 37,0.182, 30,0.184, 37,0.154, 34,0.135, 29,0.119, 40,0.131, 34,0.145, 41,0.128, 35,0.114, 29,0.112, 35,-32768.000,-32768
<FINISH>
  114,26,01,18,23,37,38,31,0.73,5.00,139.0,21406.000,0.93,6.30,44.0,53,0.014,274,0.007,304,0.013,270,0.022,275,0.015,262,0.010,307,0.015,274,0.024,275,0.027,272,0.024,268,0.032,272,0.042,248,0.032,242,0.043,230,0.046,224,0.027,222,0.041,223,0.026,254,0.029,252,0.015,302,0.043,279,0.026,329,0.050,321,0.036,332,0.041,315,0.035,290,0.043,278,0.019,258,0.026,295,0.028,288,0.029,274,0.048,260,0.070,264,0.062,253,0.071,260,0.070,257,0.067,246,0.056, 33,0.205, 47,0.373, 43,0.366, 16,0.263, 39,0.158,  6,0.160, 11,0.116, 24,0.104, 28,0.104, 30,0.120, 41,0.104, 35,0.110, 28,0.095, 24,0.099, 21,-32768.000,-32768
<FINISH>
