    1,26,01,16,11,34,14,39,0.53,5.00,115.0,20747.000,0.67,6.80,122.0,53,0.017,324,0.013,342,0.008,330,0.007,  0,0.010,307,0.009,  0,0.011, 68,0.001,135,0.006,149,0.017,135,0.022,100,0.019, 96,0.006, 59,0.005, 53,0.014,135,0.022,133,0.027,124,0.034,118,0.031,132,0.033,117,0.041,113,0.038,104,0.032,104,0.034,107,0.030, 99,0.030, 94,0.041, 65,0.038, 42,0.024, 19,0.016,353,0.026,356,0.032,  4,0.028,333,0.034,355,0.019, 36,0.021,295,0.029,218,0.088,225,0.193,231,0.190,226,0.128,231,0.056,243,0.066,249,0.061,234,0.060,240,0.073,247,0.085,239,0.079,239,0.073,238,0.075,245,0.058,241,0.058,240,-32768.000,-32768
<FINISH>
    2,26,01,16,12,04,14,39,0.46,16.90,351.0,20706.000,0.58,6.60,66.0,53,0.040,194,0.024,187,0.008,140,0.017,237,0.021,191,0.014,300,0.003,288,0.018, 71,0.013, 63,0.016, 75,0.017, 93,0.020, 90,0.006, 59,0.004, 34,0.013, 86,0.025, 56,0.014, 17,0.011, 41,0.022, 68,0.016, 14,0.012, 55,0.020, 90,0.016, 72,0.020, 60,0.026, 65,0.025, 43,0.049, 31,0.042, 33,0.038,358,0.041, 13,0.037,355,0.039,345,0.045,350,0.042,345,0.029, 38,0.038,295,0.096,241,0.262,218,0.470,232,0.471,243,0.557,244,0.321,243,0.244,242,0.220,240,0.211,241,0.214,242,0.206,238,0.203,239,0.162,235,0.135,238,0.119,234,0.099,238,-32768.000,-32768
<FINISH>
    3,26,01,16,12,34,14,39,0.48,5.00,159.0,20671.000,0.61,7.10,342.0,53,0.009,159,0.018,106,0.018,119,0.001, 90,0.003,198,0.010, 66,0.002,333,0.008,120,0.013,113,0.007,146,0.007, 74,0.010,354,0.013, 32,0.009, 58,0.020, 24,0.028, 15,0.016,356,0.008, 60,0.017, 31,0.023, 50,0.024, 55,0.027, 66,0.035, 80,0.029, 56,0.042, 68,0.033, 43,0.032, 58,0.037, 55,0.035, 51,0.026, 36,0.017, 83,0.025,  5,0.016, 60,0.014, 21,0.040, 20,0.041,286,0.064,182,0.311,192,0.588,200,0.585,199,0.556,207,0.383,206,0.283,199,0.200,200,0.190,205,0.201,207,0.194,208,0.166,207,0.136,203,0.118,201,0.081,206,0.072,193,-32768.000,-32768
<FINISH>
    4,26,01,16,13,04,14,39,0.44,16.90,154.0,20652.000,0.55,9.40,160.0,53,0.009,212,0.014,146,0.015,132,0.025,138,0.020, 96,0.010,119,0.012,132,0.003,252,0.010, 90,0.010, 37,0.003,315,0.012,  5,0.012, 20,0.011, 68,0.016, 40,0.024, 19,0.014,356,0.012, 59,0.016, 52,0.027, 39,0.034, 37,0.034, 38,0.042, 47,0.046, 44,0.046, 38,0.036, 37,0.028, 41,0.032,  7,0.029,  6,0.015,  4,0.014,321,0.026,  4,0.026,  4,0.018, 16,0.030, 57,0.009,212,0.090,168,0.318,185,0.511,201,0.482,204,0.415,208,0.306,208,0.268,206,0.210,202,0.190,202,0.171,205,0.172,202,0.157,206,0.147,201,0.133,199,0.094,202,0.076,195,-32768.000,-32768
<FINISH>
    5,26,01,16,13,34,14,39,0.55,16.90,22.0,20649.000,0.70,6.70,339.0,53,0.007,135,0.009,144,0.016,117,0.011,139,0.008,187,0.025,133,0.015, 94,0.010, 37,0.008,130,0.005, 37,0.005, 37,0.016,305,0.004, 34,0.009, 63,0.006, 72,0.016, 30,0.019, 62,0.012, 24,0.017, 57,0.022, 27,0.033, 33,0.028, 44,0.029, 31,0.031,  0,0.036,  0,0.028,  6,0.020,357,0.032,  2,0.039, 15,0.034,358,0.033, 12,0.017,  3,0.024,358,0.025, 11,0.026,306,0.027,246,0.099,202,0.348,189,0.510,217,0.547,230,0.547,216,0.448,211,0.366,213,0.310,214,0.282,215,0.242,216,0.222,212,0.206,212,0.163,206,0.144,210,0.123,207,0.093,199,-32768.000,-32768
<FINISH>
    6,26,01,16,14,04,14,39,0.55,5.00,147.0,20653.000,0.70,6.30,126.0,53,0.001, 90,0.003,252,0.001,270,0.007,124,0.009, 63,0.018,119,0.019, 72,0.011,124,0.006, 81,0.011, 90,0.005,101,0.015,172,0.014,111,0.013, 58,0.021, 47,0.017, 83,0.018, 71,0.025, 64,0.034, 32,0.022, 27,0.028, 45,0.023, 67,0.012, 81,0.012, 14,0.025,  5,0.015,  8,0.014,330,0.006,  0,0.015,337,0.027,324,0.028,356,0.047,349,0.042,359,0.039, 12,0.030,333,0.033,245,0.098,188,0.375,187,0.642,207,0.698,214,0.716,212,0.648,206,0.558,205,0.457,204,0.354,203,0.319,205,0.284,203,0.249,202,0.220,200,0.177,199,0.149,202,0.114,195,-32768.000,-32768
<FINISH>
