    1,26,01,27,09,16,15,94,0.44,5.20,272.0,20683.000,0.56,7.00,326.0,53,0.040,252,0.040,254,0.031,257,0.038,243,0.044,227,0.043,228,0.028,247,0.034,234,0.037,221,0.025,252,0.027,236,0.024,240,0.031,272,0.035,270,0.034,267,0.036,260,0.038,273,0.047,277,0.044,258,0.045,270,0.048,271,0.040,250,0.048,253,0.046,234,0.037,229,0.038,217,0.049,203,0.040,203,0.041,184,0.047,200,0.050,211,0.023,203,0.016,230,0.009,270,0.013,318,0.022,283,0.062,223,0.132,209,0.146,226,0.121,217,0.105,232,0.044,254,0.035,268,0.032,272,0.033,239,0.040,213,0.063,211,0.065,216,0.070,210,0.068,215,0.067,210,0.061,205,-32768.000,-32768
<FINISH>
    2,26,01,27,09,46,15,94,0.69,5.20,110.0,20670.000,0.88,6.00,353.0,53,0.046,270,0.043,270,0.044,271,0.047,269,0.051,277,0.045,271,0.046,271,0.046,266,0.052,286,0.063,281,0.059,282,0.072,284,0.071,279,0.073,274,0.062,270,0.062,260,0.051,261,0.051,263,0.036,238,0.037,213,0.044,207,0.058,198,0.055,193,0.074,186,0.080,175,0.073,177,0.075,187,0.070,180,0.060,183,0.057,180,0.045,171,0.031,171,0.012,180,0.004, 34,0.013, 63,0.010,241,0.012, 99,0.040,339,0.093,227,0.113,210,0.075,235,0.019,286,0.013,274,0.019,328,0.011,275,0.005,233,0.029,160,0.039,181,0.051,193,0.057,185,0.055,186,0.057,182,-32768.000,-32768
<FINISH>
    3,26,01,27,10,16,15,94,0.67,5.00,356.0,20700.000,0.85,5.90,354.0,53,0.039,226,0.023,209,0.034,217,0.040,214,0.031,220,0.029,221,0.026,239,0.027,243,0.033,261,0.038,253,0.046,259,0.040,264,0.044,270,0.050,256,0.056,251,0.052,258,0.054,266,0.047,266,0.063,263,0.062,265,0.053,257,0.051,261,0.025,254,0.027,234,0.028,195,0.035,202,0.042,185,0.045,197,0.041,197,0.039,209,0.046,229,0.033,221,0.032,244,0.032,248,0.036,265,0.017,201,0.015,212,0.059,170,0.080,230,0.083,215,0.062,239,0.025,189,0.008,194,0.016,207,0.021,231,0.030,220,0.032,216,0.033,219,0.034,204,0.042,177,0.050,190,0.046,173,-32768.000,-32768
<FINISH>
    4,26,01,27,10,46,15,94,0.66,5.00,94.0,20752.000,0.83,7.20,122.0,53,0.028,188,0.028,206,0.029,224,0.025,233,0.025,230,0.030,226,0.025,241,0.019,252,0.037,243,0.031,239,0.034,255,0.044,257,0.045,269,0.054,272,0.059,280,0.067,273,0.060,268,0.066,262,0.063,282,0.041,276,0.045,275,0.043,266,0.038,253,0.032,252,0.036,257,0.035,246,0.022,236,0.040,237,0.039,241,0.038,223,0.035,219,0.026,211,0.018,218,0.024,228,0.007,236,0.044,159,0.085,154,0.187,161,0.277,171,0.232,170,0.215,201,0.166,217,0.106,192,0.089,189,0.078,181,0.088,179,0.076,187,0.073,179,0.088,179,0.084,170,0.067,171,0.064,169,-32768.000,-32768
<FINISH>
    5,26,01,27,11,16,15,94,0.53,14.90,350.0,20794.000,0.67,6.70,21.0,53,0.015,228,0.030,243,0.016,235,0.026,259,0.027,276,0.041,277,0.043,273,0.041,273,0.051,272,0.053,279,0.058,279,0.068,276,0.064,277,0.064,277,0.066,269,0.059,278,0.063,278,0.052,282,0.048,264,0.050,280,0.042,262,0.033,259,0.036,270,0.027,255,0.045,260,0.035,241,0.049,231,0.054,220,0.050,223,0.054,215,0.059,204,0.054,202,0.049,204,0.032,200,0.023,239,0.028,193,0.076,169,0.279,161,0.581,155,0.616,159,0.647,166,0.436,178,0.344,173,0.264,165,0.222,159,0.164,166,0.163,165,0.168,169,0.159,162,0.169,165,0.157,164,0.128,160,-32768.000,-32768
<FINISH>
    6,26,01,27,11,46,15,94,0.49,14.90,112.0,20870.000,0.62,8.60,71.0,53,0.019,261,0.024,255,0.029,272,0.030,258,0.046,264,0.042,267,0.054,269,0.050,275,0.064,282,0.071,277,0.066,270,0.073,278,0.082,274,0.077,278,0.072,282,0.073,282,0.064,284,0.067,285,0.056,282,0.054,270,0.055,274,0.061,278,0.055,269,0.054,258,0.056,240,0.054,233,0.040,230,0.042,239,0.033,243,0.031,239,0.034,218,0.045,215,0.048,213,0.038,221,0.043,205,0.060,169,0.124,141,0.272,158,0.624,151,0.559,161,0.571,158,0.586,168,0.502,172,0.390,169,0.339,165,0.279,163,0.230,170,0.198,172,0.168,176,0.143,181,0.136,180,0.116,183,-32768.000,-32768
<FINISH>
    7,26,01,27,12,16,15,94,0.68,16.90,358.0,20952.000,0.86,7.70,356.0,53,0.051,320,0.047,302,0.047,293,0.063,291,0.067,293,0.074,293,0.067,290,0.075,283,0.072,284,0.077,276,0.083,276,0.089,268,0.077,275,0.085,273,0.080,277,0.083,279,0.072,272,0.072,277,0.066,280,0.064,262,0.070,248,0.059,243,0.061,226,0.053,229,0.057,227,0.065,229,0.053,229,0.052,225,0.048,223,0.049,219,0.043,209,0.054,196,0.071,195,0.100,181,0.109,179,0.132,182,0.156,162,0.244,172,0.626,175,0.742,171,0.758,175,0.680,187,0.678,187,0.509,185,0.400,181,0.290,182,0.257,181,0.225,184,0.188,184,0.180,179,0.148,183,0.151,183,-32768.000,-32768
<FINISH>
    8,26,01,27,12,46,15,94,0.54,5.40,22.0,21027.000,0.69,6.40,3.0,53,0.069,284,0.079,286,0.080,283,0.086,283,0.082,269,0.098,269,0.090,271,0.084,275,0.084,275,0.086,269,0.089,266,0.085,266,0.086,255,0.077,257,0.088,255,0.087,252,0.087,255,0.083,248,0.086,251,0.084,255,0.082,251,0.074,248,0.061,260,0.050,267,0.054,274,0.036,291,0.028,309,0.045,340,0.052,335,0.061,335,0.037,329,0.038,297,0.038,265,0.053,227,0.088,212,0.101,206,0.119,181,0.182,178,0.498,169,0.607,175,0.719,177,0.619,178,0.631,189,0.528,181,0.412,177,0.343,177,0.271,176,0.230,178,0.151,170,0.126,164,0.109,166,0.085,164,-32768.000,-32768
<FINISH>
    9,26,01,27,13,16,15,94,0.66,5.20,70.0,21105.000,0.84,6.60,120.0,53,0.050,285,0.045,297,0.053,313,0.059,323,0.068,321,0.067,317,0.068,316,0.057,320,0.050,313,0.045,310,0.042,298,0.051,297,0.065,304,0.065,306,0.071,307,0.062,303,0.053,296,0.062,303,0.060,306,0.064,294,0.043,314,0.043,298,0.034,291,0.033,303,0.041,296,0.032,286,0.022,267,0.014,291,0.016,225,0.029,218,0.027,211,0.035,223,0.029,226,0.043,230,0.042,223,0.030,226,0.035,165,0.148,187,0.356,175,0.517,173,0.515,179,0.291,199,0.159,200,0.128,194,0.103,191,0.088,184,0.070,193,0.069,203,0.079,203,0.068,207,0.080,202,0.056,205,-32768.000,-32768
<FINISH>
   10,26,01,27,13,46,15,94,0.48,16.90,74.0,21191.000,0.61,8.70,358.0,53,0.056,325,0.064,315,0.069,319,0.064,305,0.064,316,0.053,313,0.075,309,0.074,307,0.065,311,0.075,311,0.088,315,0.080,305,0.085,305,0.089,307,0.089,298,0.091,297,0.093,297,0.112,297,0.104,293,0.112,290,0.106,289,0.119,293,0.104,294,0.097,290,0.084,289,0.085,277,0.060,252,0.078,226,0.082,213,0.093,209,0.101,195,0.122,190,0.139,184,0.159,179,0.173,174,0.183,176,0.172,186,0.105,178,0.332,167,0.616,177,0.644,183,0.635,185,0.518,180,0.464,185,0.370,180,0.326,183,0.294,184,0.250,183,0.225,189,0.186,187,0.186,185,0.157,182,-32768.000,-32768
<FINISH>
   11,26,01,27,14,16,15,94,0.57,16.90,108.0,21265.000,0.72,7.10,77.0,53,0.034, 10,0.036,  5,0.052,355,0.048,356,0.058,345,0.062,349,0.049,347,0.050,335,0.042,314,0.053,306,0.070,303,0.069,292,0.069,279,0.080,284,0.086,280,0.096,275,0.096,278,0.109,280,0.134,285,0.125,281,0.136,279,0.137,281,0.136,286,0.121,284,0.125,281,0.123,279,0.107,273,0.102,266,0.086,258,0.081,246,0.082,222,0.074,207,0.083,198,0.105,187,0.133,175,0.142,170,0.137,186,0.096,179,0.192,180,0.314,206,0.313,200,0.322,206,0.268,188,0.226,187,0.190,187,0.176,189,0.157,201,0.163,202,0.138,213,0.129,209,0.111,207,0.085,219,-32768.000,-32768
<FINISH>
   12,26,01,27,14,46,15,94,0.62,16.90,294.0,21311.000,0.79,8.30,282.0,53,0.073,261,0.065,259,0.076,266,0.072,280,0.080,277,0.070,283,0.073,276,0.089,278,0.105,277,0.087,279,0.098,279,0.100,293,0.113,287,0.127,295,0.113,291,0.118,291,0.125,298,0.131,292,0.129,291,0.118,290,0.125,293,0.122,289,0.121,296,0.121,290,0.118,295,0.104,285,0.077,279,0.068,270,0.042,262,0.040,203,0.055,185,0.069,172,0.093,157,0.124,154,0.142,155,0.168,153,0.153,175,0.080,165,0.143,202,0.332,227,0.357,224,0.283,223,0.280,185,0.252,188,0.217,189,0.178,202,0.143,211,0.134,224,0.105,237,0.101,235,0.085,246,0.086,252,-32768.000,-32768
<FINISH>
   13,26,01,27,15,16,15,94,0.59,5.00,340.0,21360.000,0.75,6.10,24.0,53,0.061,228,0.069,229,0.062,234,0.079,233,0.081,229,0.075,239,0.066,240,0.063,259,0.068,288,0.071,282,0.070,290,0.093,284,0.076,280,0.083,275,0.087,281,0.087,285,0.082,283,0.095,290,0.086,296,0.083,293,0.091,295,0.091,297,0.086,301,0.083,304,0.078,302,0.057,288,0.057,292,0.056,286,0.036,260,0.026,257,0.028,219,0.042,195,0.041,180,0.056,153,0.074,143,0.111,131,0.091,169,0.084,187,0.203,205,0.432,217,0.494,209,0.475,217,0.392,194,0.246,192,0.186,209,0.159,208,0.168,217,0.155,231,0.151,230,0.149,227,0.124,231,0.119,231,-32768.000,-32768
<FINISH>
   14,26,01,27,15,46,15,94,0.54,5.20,328.0,21398.000,0.68,6.70,336.0,53,0.064,241,0.064,240,0.082,239,0.090,235,0.088,232,0.094,237,0.087,228,0.081,236,0.063,241,0.056,259,0.059,260,0.071,260,0.073,263,0.076,265,0.071,260,0.085,266,0.079,274,0.093,284,0.086,283,0.079,291,0.087,287,0.098,292,0.105,299,0.099,301,0.102,305,0.085,304,0.067,314,0.057,317,0.044,308,0.029,324,0.013,328,0.019, 72,0.017, 83,0.029, 86,0.034, 83,0.055,108,0.028,157,0.073,192,0.176,214,0.357,213,0.254,196,0.189,195,0.232,158,0.184,154,0.153,192,0.142,213,0.141,220,0.151,229,0.148,229,0.140,231,0.131,229,0.109,231,-32768.000,-32768
<FINISH>
   15,26,01,27,16,16,15,94,0.64,5.20,10.0,21419.000,0.82,6.00,8.0,53,0.050,235,0.059,250,0.071,244,0.069,234,0.078,235,0.080,231,0.091,227,0.085,222,0.084,224,0.087,228,0.086,234,0.079,224,0.071,223,0.061,238,0.047,228,0.058,236,0.062,251,0.062,264,0.066,267,0.074,268,0.081,274,0.072,292,0.067,297,0.054,313,0.052,326,0.047,322,0.029,326,0.029,346,0.050,340,0.045,342,0.054,  3,0.049,  9,0.041, 16,0.049, 32,0.055, 49,0.084, 62,0.054, 53,0.060,191,0.146,215,0.310,221,0.281,233,0.179,242,0.101,187,0.077,200,0.125,239,0.144,249,0.142,259,0.150,257,0.159,252,0.135,250,0.118,263,0.112,259,-32768.000,-32768
<FINISH>
   16,26,01,27,16,46,15,94,0.51,16.90,138.0,21418.000,0.65,8.20,100.0,53,0.057,257,0.056,247,0.058,244,0.053,243,0.069,236,0.070,234,0.073,226,0.074,228,0.083,227,0.079,234,0.084,224,0.088,231,0.094,228,0.098,226,0.115,223,0.104,225,0.100,221,0.090,230,0.075,238,0.066,241,0.074,242,0.076,237,0.055,243,0.054,251,0.040,264,0.038,282,0.029,295,0.027,304,0.029,314,0.026,329,0.042,352,0.041,  1,0.035,355,0.053,354,0.073, 15,0.094,  7,0.109,356,0.073,222,0.165,210,0.293,229,0.234,211,0.184,270,0.024, 68,0.123,118,0.044,139,0.092,243,0.135,234,0.139,239,0.148,236,0.143,232,0.127,239,0.105,236,-32768.000,-32768
<FINISH>
   17,26,01,27,17,16,15,94,0.57,16.90,183.0,21408.000,0.72,7.70,225.0,53,0.051,244,0.075,254,0.078,251,0.077,240,0.073,246,0.072,234,0.060,238,0.071,232,0.068,224,0.066,228,0.075,226,0.080,222,0.094,219,0.095,224,0.088,217,0.089,215,0.088,227,0.097,223,0.093,223,0.082,232,0.069,225,0.067,230,0.075,240,0.065,241,0.070,247,0.051,262,0.021,307,0.030,326,0.032,355,0.033,344,0.050,  0,0.051, 12,0.065,  7,0.089,354,0.103,357,0.098,  5,0.085, 14,0.014,262,0.108,211,0.113,229,0.027,260,0.034, 64,0.074, 67,0.085, 41,0.071, 18,0.069,342,0.059,314,0.057,295,0.081,261,0.084,255,0.065,263,0.073,255,-32768.000,-32768
<FINISH>
   18,26,01,27,17,46,15,94,0.64,16.90,113.0,21357.000,0.82,6.80,83.0,53,0.071,250,0.086,261,0.098,257,0.088,247,0.100,248,0.111,246,0.109,248,0.116,246,0.105,238,0.120,241,0.112,244,0.100,236,0.099,244,0.101,237,0.089,235,0.078,230,0.062,220,0.048,221,0.045,208,0.027,182,0.036,161,0.020,147,0.004, 14,0.024, 48,0.040, 83,0.046, 68,0.050, 78,0.047, 50,0.038, 72,0.052, 59,0.054, 51,0.059, 51,0.052, 50,0.050, 46,0.053, 53,0.048, 42,0.063, 20,0.072, 31,0.143, 32,0.258, 14,0.317, 21,0.283, 24,0.115, 26,0.093, 19,0.085, 24,0.087, 19,0.090, 21,0.093, 27,0.092, 28,0.078, 37,0.079, 33,0.079, 39,-32768.000,-32768
<FINISH>
   19,26,01,27,18,16,15,94,0.46,5.00,2.0,21299.000,0.58,6.70,319.0,53,0.082,208,0.075,202,0.085,208,0.083,211,0.095,208,0.082,209,0.088,212,0.086,206,0.092,205,0.106,206,0.093,206,0.097,205,0.105,205,0.106,208,0.103,203,0.110,205,0.103,202,0.118,193,0.117,197,0.116,198,0.115,200,0.114,194,0.111,206,0.104,210,0.095,216,0.074,225,0.082,240,0.068,248,0.061,271,0.062,278,0.041,273,0.033,321,0.034,324,0.065,349,0.080,351,0.091,357,0.101,  3,0.108,  4,0.152, 11,0.299, 10,0.405, 19,0.304, 14,0.171,  0,0.150,352,0.146,351,0.126,354,0.119,352,0.109,352,0.068,333,0.058,336,0.059,336,0.047,324,-32768.000,-32768
<FINISH>
   20,26,01,27,18,46,15,94,0.56,5.00,192.0,21262.000,0.71,6.50,196.0,53,0.067,237,0.061,234,0.066,249,0.070,246,0.068,235,0.068,243,0.081,246,0.083,244,0.075,243,0.068,243,0.065,231,0.067,234,0.062,239,0.059,234,0.059,231,0.070,230,0.061,221,0.072,219,0.066,222,0.084,218,0.074,215,0.073,213,0.062,220,0.046,216,0.035,219,0.037,235,0.023,205,0.019,205,0.019,183,0.013,212,0.010,349,0.031,345,0.046,341,0.070,328,0.086,328,0.107,354,0.129,  6,0.075,  5,0.262, 27,0.543, 10,0.672, 14,0.436, 15,0.138,346,0.122,338,0.134,340,0.176,  2,0.264, 16,0.307, 20,0.254, 22,0.218, 20,0.183, 19,0.152, 20,-32768.000,-32768
<FINISH>
   21,26,01,27,19,16,15,94,0.52,5.70,310.0,21214.000,0.66,6.60,276.0,53,0.030,244,0.033,250,0.048,233,0.051,232,0.046,237,0.047,228,0.051,220,0.050,226,0.050,223,0.060,230,0.066,226,0.053,227,0.063,216,0.053,220,0.062,214,0.066,214,0.064,208,0.064,208,0.064,215,0.057,215,0.049,216,0.057,226,0.049,207,0.057,212,0.058,217,0.040,220,0.037,215,0.042,253,0.040,236,0.027,253,0.028,229,0.023,270,0.047,308,0.060,306,0.070,309,0.084,333,0.093,  8,0.096,353,0.234, 21,0.530,  9,0.620, 18,0.365, 18,0.114,326,0.095,318,0.088,340,0.201,  9,0.261, 17,0.262, 21,0.231, 19,0.182, 21,0.147, 18,0.140, 19,-32768.000,-32768
<FINISH>
   22,26,01,27,19,46,15,94,0.67,5.00,154.0,21133.000,0.85,6.60,138.0,53,0.059,237,0.044,227,0.051,230,0.056,227,0.060,237,0.062,229,0.060,233,0.059,236,0.062,240,0.072,229,0.055,229,0.058,226,0.048,219,0.061,225,0.052,234,0.045,223,0.036,224,0.037,227,0.016,207,0.008,230,0.027,188,0.033, 93,0.071, 93,0.115,106,0.166,102,0.204, 97,0.252, 98,0.272,101,0.256, 95,0.265, 99,0.241, 97,0.253, 94,0.218, 93,0.203, 87,0.161, 83,0.183, 73,0.127, 58,0.171, 41,0.346, 36,0.603, 12,0.669, 20,0.395, 29,0.186, 21,0.152, 23,0.267, 46,0.364, 49,0.395, 48,0.416, 51,0.404, 57,0.388, 61,0.365, 63,0.342, 67,-32768.000,-32768
<FINISH>
   23,26,01,27,20,16,15,94,0.40,16.90,38.0,21061.000,0.51,10.00,324.0,53,0.049,213,0.039,217,0.055,215,0.052,212,0.057,209,0.048,231,0.052,203,0.044,205,0.045,213,0.046,214,0.051,215,0.044,213,0.046,200,0.051,196,0.045,201,0.047,208,0.045,193,0.039,192,0.043,175,0.026,162,0.037,197,0.034,150,0.036,144,0.044,129,0.066,125,0.113,115,0.150,111,0.253,107,0.318,106,0.376,103,0.359,104,0.361, 97,0.317, 94,0.302, 88,0.273, 71,0.293, 52,0.259, 31,0.238, 37,0.399, 41,0.698, 14,0.688, 22,0.475, 31,0.384, 35,0.369, 41,0.364, 50,0.375, 62,0.375, 71,0.352, 77,0.339, 87,0.346, 96,0.337,101,0.294,107,-32768.000,-32768
<FINISH>
   24,26,01,27,20,46,15,94,0.46,16.90,189.0,21002.000,0.58,7.70,166.0,53,0.043,214,0.033,231,0.033,231,0.031,234,0.035,223,0.040,227,0.036,214,0.032,224,0.027,246,0.033,231,0.026,241,0.020,213,0.016,263,0.031,216,0.009,193,0.020,135,0.027,135,0.024,145,0.026,121,0.060,109,0.098,121,0.135,112,0.174,112,0.151,118,0.173,109,0.191,111,0.216,107,0.227,107,0.230,113,0.233,112,0.220,113,0.211,108,0.220,106,0.219, 90,0.241, 75,0.229, 61,0.207, 48,0.238, 53,0.420, 34,0.585, 25,0.537, 35,0.333, 45,0.346, 45,0.374, 50,0.365, 57,0.339, 63,0.304, 73,0.278, 85,0.255, 90,0.254, 99,0.233,100,0.229,103,-32768.000,-32768
<FINISH>
   25,26,01,27,21,16,15,94,0.35,5.90,140.0,20938.000,0.45,7.40,219.0,53,0.037,161,0.038,158,0.033,153,0.018,151,0.021,194,0.024,197,0.033,209,0.026,205,0.027,219,0.028,240,0.025,238,0.024,215,0.023,252,0.023,257,0.017,283,0.021,332,0.033,329,0.025,  7,0.050, 48,0.044, 81,0.028, 64,0.039, 55,0.040, 43,0.040, 27,0.046, 10,0.023, 49,0.029, 82,0.049, 54,0.036, 81,0.055, 64,0.070, 75,0.072, 61,0.079, 58,0.132, 30,0.209, 30,0.252, 17,0.206, 26,0.216, 45,0.454, 35,0.589, 22,0.514, 30,0.373, 31,0.369, 32,0.383, 33,0.319, 29,0.229, 23,0.128, 27,0.087, 43,0.092, 57,0.093, 51,0.105, 68,0.107, 80,-32768.000,-32768
<FINISH>
   26,26,01,27,21,46,15,94,0.56,5.20,94.0,20880.000,0.71,7.10,148.0,53,0.010,101,0.009,131,0.014,126,0.024,161,0.022,170,0.019,198,0.014,144,0.018,177,0.009,180,0.016,194,0.010,163,0.008,263,0.004,135,0.020, 87,0.025,111,0.044, 60,0.049, 63,0.069, 53,0.065, 47,0.055, 22,0.057, 11,0.042, 31,0.024, 68,0.043, 77,0.034, 76,0.036, 79,0.078, 92,0.064,105,0.075,108,0.083, 89,0.106, 84,0.110, 67,0.115, 60,0.142, 56,0.172, 53,0.188, 31,0.119, 57,0.173, 56,0.267, 43,0.194, 40,0.213, 49,0.312, 45,0.263, 38,0.286, 41,0.255, 44,0.205, 47,0.159, 42,0.140, 42,0.139, 57,0.133, 52,0.111, 48,0.101, 60,-32768.000,-32768
<FINISH>
   27,26,01,27,22,16,15,94,0.47,16.90,2.0,20831.000,0.60,7.50,358.0,53,0.026, 31,0.023, 61,0.009, 90,0.007,180,0.011,165,0.007,146,0.010, 29,0.011, 75,0.010, 53,0.006,171,0.011,202,0.003, 72,0.008, 40,0.013,  9,0.016, 11,0.020,351,0.030,285,0.025,312,0.008,247,0.020,171,0.035,185,0.025,154,0.029,160,0.057,156,0.019,180,0.029,153,0.021,125,0.044,145,0.044,137,0.047,128,0.064,114,0.051,101,0.065, 88,0.062, 62,0.112, 31,0.153, 28,0.140, 59,0.339, 51,0.538, 35,0.533, 26,0.448, 34,0.421, 32,0.371, 35,0.279, 34,0.276, 39,0.202, 43,0.197, 49,0.171, 64,0.144, 66,0.116, 64,0.102, 67,0.107, 69,-32768.000,-32768
<FINISH>
   28,26,01,27,22,46,15,94,0.61,5.40,70.0,20804.000,0.78,6.90,128.0,53,0.015, 37,0.007, 63,0.005,191,0.012, 85,0.016,117,0.006,239,0.005,143,0.006,149,0.013,203,0.021,270,0.007,344,0.014,124,0.016, 83,0.011, 80,0.009, 32,0.016, 63,0.014,180,0.024,187,0.028,154,0.045,121,0.044,149,0.057,169,0.052,133,0.055,129,0.054,146,0.057,144,0.068,156,0.054,143,0.073,134,0.084,134,0.074,134,0.068,118,0.072,117,0.051, 86,0.080, 47,0.109, 35,0.144, 68,0.331, 55,0.585, 40,0.445, 33,0.383, 43,0.315, 34,0.247, 41,0.229, 50,0.192, 55,0.193, 66,0.164, 76,0.163, 82,0.138, 79,0.118, 93,0.162, 86,0.120, 85,-32768.000,-32768
<FINISH>
   29,26,01,27,23,16,15,94,0.56,5.40,30.0,20789.000,0.71,6.90,20.0,53,0.018,  6,0.013, 32,0.013, 94,0.018,128,0.011,128,0.016,112,0.006,211,0.007,146,0.013,171,0.017,152,0.010,143,0.009, 72,0.009, 32,0.014,339,0.011,345,0.020,323,0.004,236,0.008, 97,0.013,207,0.027,180,0.021,152,0.027,190,0.036,166,0.040,170,0.047,167,0.045,172,0.041,169,0.039,162,0.037,169,0.043,177,0.045,188,0.046,176,0.042,175,0.010,119,0.036,  2,0.076, 38,0.035,352,0.099, 33,0.237, 57,0.245, 49,0.246, 27,0.227, 20,0.228, 24,0.222, 29,0.209, 30,0.200, 38,0.184, 38,0.169, 41,0.144, 51,0.148, 50,0.110, 55,0.104, 64,-32768.000,-32768
<FINISH>
   30,26,01,27,23,46,15,94,0.54,5.20,354.0,20788.000,0.69,6.20,1.0,53,0.009,108,0.010,119,0.007, 56,0.005,127,0.015,127,0.024,109,0.016,150,0.010,191,0.001, 90,0.003,135,0.007,146,0.002,207,0.009,144,0.001,270,0.003,135,0.019, 25,0.017,329,0.017,298,0.015,250,0.015,266,0.016,220,0.012,204,0.021,185,0.034,197,0.036,174,0.032,176,0.031,186,0.033,189,0.041,191,0.055,201,0.058,200,0.060,194,0.054,211,0.038,231,0.031,283,0.044, 23,0.106, 61,0.260, 48,0.576, 49,0.559, 33,0.364, 38,0.223, 25,0.144, 13,0.116, 20,0.126, 46,0.130, 75,0.124, 68,0.136, 65,0.113, 64,0.106, 72,0.089, 72,0.068, 83,-32768.000,-32768
<FINISH>
   31,26,01,28,00,16,15,94,0.51,5.20,150.0,20801.000,0.65,6.00,104.0,53,0.030, 63,0.003, 45,0.008,166,0.006,180,0.016,218,0.017,253,0.015,242,0.010,204,0.008,150,0.014,126,0.002,243,0.021,215,0.029,266,0.049,269,0.040,266,0.035,275,0.020,246,0.012,261,0.022,265,0.025,293,0.032,259,0.027,257,0.023,257,0.021,256,0.008,270,0.021,208,0.019,189,0.031,233,0.023,257,0.018,214,0.028,222,0.037,223,0.038,248,0.063,277,0.061,286,0.047,337,0.078, 69,0.322, 82,0.458, 68,0.456, 65,0.364, 63,0.236, 56,0.142, 49,0.114, 74,0.109, 83,0.092, 81,0.103, 96,0.123, 89,0.118, 76,0.105, 76,0.089, 67,0.069, 69,-32768.000,-32768
<FINISH>
   32,26,01,28,00,46,15,94,0.44,5.70,153.0,20818.000,0.55,6.80,33.0,53,0.024,156,0.019,111,0.029,160,0.034,170,0.029,158,0.027,176,0.021,188,0.034,217,0.038,203,0.048,198,0.038,189,0.027,193,0.027,200,0.022,162,0.009,238,0.009,148,0.022,210,0.009,302,0.011,297,0.007,188,0.006,171,0.011,297,0.014,274,0.008,284,0.011,207,0.009,257,0.013,228,0.019,216,0.011,229,0.013,241,0.019,205,0.021,211,0.015,242,0.022,270,0.045,323,0.055,348,0.075, 65,0.200, 65,0.521, 68,0.602, 59,0.471, 67,0.242, 59,0.158, 51,0.171, 60,0.171, 68,0.171, 66,0.183, 65,0.165, 71,0.178, 65,0.154, 71,0.125, 70,0.094, 60,-32768.000,-32768
<FINISH>
   33,26,01,28,01,16,15,94,0.49,5.00,102.0,20874.000,0.62,7.00,147.0,53,0.024,208,0.015,164,0.016,153,0.020,165,0.006,279,0.010,287,0.012,235,0.012,138,0.010,264,0.012,222,0.021,183,0.011,158,0.011,146,0.014,120,0.005,180,0.011, 85,0.003,342,0.015,340,0.018,315,0.013,288,0.014,343,0.011,285,0.013,356,0.005,  0,0.011,280,0.009, 49,0.012,340,0.003, 90,0.014,176,0.023,195,0.039,177,0.028,210,0.027,234,0.030,268,0.035,286,0.025, 58,0.120, 79,0.284, 72,0.416, 78,0.425, 65,0.287, 54,0.179, 44,0.110, 39,0.104, 56,0.081, 47,0.085, 56,0.094, 61,0.072, 78,0.079, 68,0.087, 68,0.086, 59,0.074, 68,-32768.000,-32768
<FINISH>
   34,26,01,28,01,46,15,94,0.52,5.40,32.0,20900.000,0.67,6.90,346.0,53,0.057,227,0.058,218,0.053,221,0.053,218,0.034,195,0.021,172,0.021,183,0.014,141,0.013,138,0.017,130,0.027,158,0.016,198,0.023,178,0.030,172,0.011,260,0.012,239,0.007,344,0.011,255,0.030,207,0.004,326,0.038, 53,0.018,317,0.005,101,0.010,  6,0.013,231,0.007,344,0.013, 63,0.012, 35,0.020, 53,0.025,351,0.022, 32,0.005,349,0.002,180,0.015,293,0.030,314,0.044, 35,0.090, 75,0.205, 51,0.266, 42,0.225, 32,0.170, 39,0.114, 36,0.084, 20,0.088, 36,0.092, 56,0.071, 65,0.076, 72,0.092, 65,0.079, 64,0.092, 62,0.102, 59,0.093, 52,-32768.000,-32768
<FINISH>
   35,26,01,28,02,16,15,94,0.39,16.90,186.0,20919.000,0.49,9.20,192.0,53,0.045,223,0.056,223,0.052,223,0.059,219,0.066,223,0.057,229,0.050,206,0.042,191,0.019,192,0.027,184,0.018,142,0.015,169,0.007, 74,0.010, 96,0.010,135,0.029,119,0.029,102,0.024,128,0.021,143,0.015,169,0.022,141,0.007, 74,0.012, 85,0.008, 83,0.010,323,0.026,358,0.020, 20,0.012,329,0.019,  3,0.023,337,0.016,292,0.029,282,0.046,300,0.029,314,0.039,330,0.058, 10,0.101, 60,0.197, 53,0.276, 26,0.220, 51,0.161, 70,0.077,  4,0.088,  8,0.089, 33,0.097, 28,0.088, 32,0.102, 55,0.102, 57,0.083, 56,0.086, 55,0.089, 54,0.095, 45,-32768.000,-32768
<FINISH>
   36,26,01,28,02,46,15,94,0.44,5.40,318.0,20961.000,0.56,6.80,262.0,53,0.068,244,0.076,238,0.076,241,0.076,237,0.069,226,0.066,229,0.051,218,0.039,215,0.034,223,0.020,171,0.010, 96,0.013, 81,0.028,117,0.023, 92,0.016,101,0.031, 90,0.024, 90,0.026,118,0.021,113,0.022,111,0.022,120,0.022,148,0.018,124,0.012,104,0.014,135,0.002,333,0.001,180,0.012,329,0.002,333,0.008,284,0.008,173,0.013,293,0.017,253,0.023,299,0.037,315,0.054, 12,0.077, 27,0.161, 53,0.115, 41,0.210, 16,0.221, 25,0.163, 24,0.154, 22,0.150, 23,0.145, 20,0.146, 29,0.152, 28,0.146, 29,0.154, 29,0.134, 31,0.080, 39,0.079, 41,-32768.000,-32768
<FINISH>
   37,26,01,28,03,16,15,94,0.46,16.90,131.0,21010.000,0.59,8.00,111.0,53,0.038,209,0.044,225,0.052,220,0.062,222,0.052,232,0.056,232,0.063,209,0.057,221,0.059,226,0.068,221,0.057,218,0.055,224,0.045,211,0.039,201,0.009,159,0.009,117,0.029, 63,0.023, 70,0.020, 84,0.013, 63,0.023, 70,0.026, 69,0.021, 71,0.010, 11,0.011,338,0.018,142,0.004,124,0.004,135,0.002, 27,0.008, 45,0.029,346,0.024,338,0.024,312,0.019,282,0.026,257,0.035, 35,0.073, 77,0.135, 60,0.386, 59,0.256, 35,0.231, 31,0.121, 20,0.094, 26,0.084, 28,0.102, 47,0.090, 64,0.092, 61,0.110, 58,0.135, 60,0.131, 58,0.120, 53,0.082, 48,-32768.000,-32768
<FINISH>
   38,26,01,28,03,46,15,94,0.71,5.20,158.0,21029.000,0.91,6.30,170.0,53,0.043,210,0.048,219,0.049,212,0.045,227,0.050,235,0.052,223,0.059,224,0.062,231,0.059,222,0.054,227,0.057,225,0.043,230,0.046,210,0.046,219,0.041,227,0.028,228,0.020,233,0.005,281,0.009, 41,0.025, 67,0.019, 87,0.021,101,0.031,119,0.016,104,0.026, 67,0.017, 57,0.022, 43,0.011, 85,0.008, 23,0.012, 42,0.017, 21,0.021,  8,0.014,356,0.017,353,0.025,320,0.038, 12,0.083, 69,0.178, 59,0.466, 56,0.636, 50,0.558, 58,0.288, 52,0.154, 44,0.154, 49,0.194, 56,0.183, 63,0.182, 64,0.193, 59,0.183, 59,0.148, 57,0.125, 61,0.077, 51,-32768.000,-32768
<FINISH>
   39,26,01,28,04,16,15,94,0.59,5.00,14.0,21026.000,0.75,6.60,50.0,53,0.055,273,0.062,256,0.055,254,0.070,262,0.066,254,0.059,256,0.065,249,0.065,247,0.071,249,0.055,257,0.040,249,0.028,247,0.012,239,0.020,237,0.015,169,0.025,116,0.021,131,0.009,153,0.019,145,0.022,111,0.025,117,0.027,118,0.029,104,0.013,138,0.013,132,0.020,135,0.023,105,0.013,132,0.012,160,0.012,200,0.014,225,0.032,196,0.043,193,0.021,209,0.006,  9,0.047, 10,0.080, 83,0.142, 64,0.418, 59,0.313, 57,0.291, 37,0.131, 30,0.095, 21,0.082, 24,0.090, 40,0.086, 67,0.101, 86,0.101, 90,0.110, 75,0.105, 75,0.100, 63,0.083, 68,-32768.000,-32768
<FINISH>
   40,26,01,28,04,46,15,94,0.52,16.90,156.0,21037.000,0.66,7.00,64.0,53,0.036,252,0.048,253,0.060,246,0.055,242,0.060,255,0.053,257,0.055,251,0.067,246,0.069,239,0.067,243,0.074,244,0.080,248,0.072,244,0.067,226,0.072,236,0.059,242,0.042,239,0.042,237,0.021,215,0.024,204,0.018,214,0.019,148,0.014,144,0.021,115,0.009,144,0.019,122,0.013,151,0.009,174,0.010,119,0.001,270,0.010,180,0.018,186,0.012,175,0.019,196,0.006, 31,0.044, 13,0.066,102,0.138, 72,0.209, 59,0.233, 39,0.250, 47,0.197, 70,0.107, 57,0.115, 45,0.108, 50,0.127, 58,0.137, 58,0.142, 63,0.149, 64,0.130, 57,0.119, 58,0.105, 68,-32768.000,-32768
<FINISH>
   41,26,01,28,05,16,15,94,0.52,5.00,235.0,21036.000,0.66,6.70,228.0,53,0.054,264,0.043,282,0.063,265,0.069,252,0.091,258,0.072,252,0.079,249,0.060,242,0.065,248,0.062,244,0.062,241,0.064,230,0.055,242,0.055,242,0.061,237,0.041,239,0.048,236,0.038,227,0.037,216,0.017,246,0.015,200,0.008,293,0.017,242,0.002, 27,0.003,225,0.020,117,0.014, 90,0.017, 66,0.005,158,0.005, 79,0.005,217,0.009,180,0.006,198,0.005, 22,0.034, 30,0.082, 13,0.085, 71,0.118, 58,0.273, 58,0.269, 54,0.217, 46,0.177, 29,0.181, 23,0.184, 29,0.174, 39,0.174, 37,0.169, 41,0.164, 48,0.133, 59,0.109, 59,0.104, 58,0.081, 61,-32768.000,-32768
<FINISH>
   42,26,01,28,05,46,15,94,0.53,5.00,356.0,21012.000,0.67,6.50,354.0,53,0.049,247,0.058,251,0.065,230,0.060,246,0.079,245,0.069,244,0.077,249,0.072,241,0.077,240,0.083,235,0.076,236,0.068,236,0.082,242,0.065,241,0.068,243,0.079,240,0.059,236,0.062,244,0.065,234,0.065,234,0.057,236,0.054,240,0.047,249,0.042,255,0.035,257,0.018,267,0.004,326,0.013, 39,0.012,340,0.017,353,0.013, 29,0.011,355,0.010,349,0.016, 11,0.035, 25,0.074, 16,0.090, 78,0.309, 85,0.485, 68,0.348, 59,0.300, 57,0.272, 46,0.198, 50,0.154, 54,0.157, 62,0.184, 74,0.165, 78,0.171, 85,0.160, 76,0.120, 75,0.102, 76,0.080, 74,-32768.000,-32768
<FINISH>
   43,26,01,28,06,16,15,94,0.62,5.00,150.0,20969.000,0.79,6.60,341.0,53,0.041,263,0.034,265,0.043,257,0.054,258,0.056,263,0.064,263,0.072,266,0.077,251,0.077,249,0.077,248,0.070,244,0.069,237,0.065,247,0.074,240,0.064,236,0.056,237,0.047,228,0.046,228,0.028,253,0.031,238,0.020,237,0.020,160,0.026,118,0.027,124,0.028,113,0.026,149,0.023,140,0.025,132,0.021,119,0.020,143,0.039,134,0.033,142,0.025,146,0.022, 69,0.045, 32,0.066, 22,0.086, 65,0.138, 51,0.187, 25,0.210, 25,0.203, 54,0.134, 23,0.200, 29,0.183, 32,0.202, 33,0.210, 37,0.203, 38,0.173, 43,0.163, 45,0.143, 36,0.135, 38,0.105, 40,-32768.000,-32768
<FINISH>
   44,26,01,28,06,46,15,94,0.42,5.20,128.0,20943.000,0.53,7.10,68.0,53,0.037,234,0.043,241,0.030,225,0.034,236,0.043,229,0.043,239,0.049,241,0.057,248,0.071,248,0.073,253,0.060,249,0.066,253,0.072,244,0.080,243,0.086,242,0.086,240,0.079,248,0.084,243,0.065,241,0.067,244,0.055,254,0.046,254,0.034,247,0.012,239,0.007,117,0.004,333,0.021, 79,0.017, 83,0.027, 70,0.013, 67,0.021, 62,0.024, 95,0.022, 66,0.038, 50,0.055, 18,0.077, 23,0.097, 60,0.251, 64,0.497, 65,0.430, 47,0.359, 56,0.274, 51,0.187, 58,0.209, 62,0.217, 65,0.196, 62,0.194, 66,0.186, 71,0.177, 60,0.150, 63,0.130, 59,0.100, 63,-32768.000,-32768
<FINISH>
   45,26,01,28,07,16,15,94,0.50,5.20,86.0,20894.000,0.63,6.40,75.0,53,0.033,284,0.039,261,0.055,265,0.045,282,0.057,266,0.061,259,0.066,267,0.068,259,0.064,239,0.064,242,0.070,238,0.057,235,0.057,227,0.062,231,0.063,217,0.062,221,0.066,218,0.049,237,0.046,221,0.035,217,0.030,182,0.013,241,0.016,133,0.010,135,0.020,139,0.013,151,0.023,115,0.013, 99,0.018,153,0.019, 93,0.029,134,0.029,115,0.042, 69,0.051, 53,0.049, 32,0.083, 15,0.064, 62,0.238, 62,0.457, 43,0.388, 31,0.301, 37,0.279, 31,0.232, 37,0.220, 38,0.205, 43,0.186, 48,0.169, 48,0.161, 51,0.155, 52,0.133, 58,0.092, 49,0.094, 56,-32768.000,-32768
<FINISH>
   46,26,01,28,07,46,15,94,0.54,16.90,292.0,20837.000,0.68,7.70,295.0,53,0.025,230,0.027,239,0.035,243,0.042,236,0.038,256,0.034,255,0.040,247,0.040,269,0.052,254,0.052,247,0.056,251,0.067,257,0.049,261,0.063,249,0.062,252,0.069,258,0.064,249,0.050,258,0.059,237,0.058,234,0.042,223,0.050,227,0.037,232,0.041,227,0.034,253,0.030,240,0.021,270,0.019,302,0.006,351,0.006,270,0.013, 86,0.019, 74,0.023, 85,0.027, 57,0.046, 34,0.071, 15,0.091, 41,0.255, 42,0.634, 34,0.707, 22,0.688, 21,0.553, 28,0.395, 19,0.329, 21,0.297, 26,0.257, 27,0.240, 30,0.225, 33,0.194, 31,0.162, 32,0.122, 33,0.087, 38,-32768.000,-32768
<FINISH>
   47,26,01,28,08,16,15,94,0.50,16.90,34.0,20789.000,0.63,7.30,3.0,53,0.014,197,0.028,240,0.034,234,0.029,224,0.040,237,0.038,235,0.045,231,0.049,238,0.051,227,0.055,231,0.057,243,0.055,242,0.064,239,0.055,235,0.056,240,0.062,241,0.070,241,0.067,234,0.073,240,0.070,244,0.083,247,0.081,248,0.071,251,0.050,249,0.037,259,0.019,234,0.030,233,0.029,258,0.011,319,0.004, 27,0.015, 62,0.036, 48,0.043, 42,0.030, 26,0.049,356,0.078, 24,0.075, 30,0.178, 44,0.245, 12,0.218, 17,0.209, 19,0.226, 23,0.191, 21,0.160, 28,0.130, 34,0.130, 44,0.150, 42,0.109, 46,0.103, 51,0.081, 45,0.083, 37,0.070, 40,-32768.000,-32768
<FINISH>
   48,26,01,28,08,46,15,94,0.48,5.40,356.0,20759.000,0.61,6.50,44.0,53,0.008, 76,0.003,180,0.018,207,0.026,198,0.027,216,0.027,208,0.036,218,0.044,210,0.039,220,0.045,219,0.038,221,0.041,202,0.042,215,0.043,233,0.056,220,0.039,232,0.044,239,0.043,233,0.058,249,0.064,258,0.053,247,0.053,250,0.063,252,0.063,253,0.055,266,0.058,258,0.043,261,0.030,253,0.022,246,0.010,264,0.015,262,0.012,290,0.008, 90,0.008, 23,0.033, 16,0.058, 45,0.106, 71,0.216, 57,0.337, 29,0.285, 38,0.231, 55,0.156, 42,0.117, 44,0.088, 46,0.106, 56,0.104, 57,0.099, 64,0.103, 65,0.098, 51,0.082, 51,0.068, 49,0.062, 47,-32768.000,-32768
<FINISH>
   49,26,01,28,09,16,15,94,0.72,5.00,182.0,20715.000,0.91,6.20,30.0,53,0.004,304,0.000,  0,0.013,231,0.021,229,0.027,204,0.039,198,0.045,190,0.055,201,0.046,212,0.043,216,0.047,218,0.044,208,0.035,213,0.054,213,0.047,222,0.038,228,0.037,237,0.044,233,0.042,243,0.042,232,0.057,234,0.065,232,0.062,233,0.062,233,0.069,239,0.050,249,0.038,245,0.043,232,0.029,214,0.035,224,0.027,242,0.018,251,0.014,274,0.007,262,0.020,323,0.021, 53,0.050, 60,0.108, 66,0.168, 23,0.196, 31,0.118, 44,0.098, 38,0.052, 22,0.031, 33,0.023, 67,0.018, 47,0.019, 58,0.030, 99,0.026, 79,0.020, 81,0.018, 47,0.012,  5,-32768.000,-32768
<FINISH>
   50,26,01,28,09,46,15,94,0.51,16.90,190.0,20681.000,0.65,7.70,156.0,53,0.015,278,0.020,315,0.004,297,0.019,282,0.025,256,0.030,262,0.029,248,0.031,233,0.031,237,0.027,253,0.030,229,0.030,243,0.033,250,0.039,246,0.051,235,0.051,238,0.049,232,0.050,233,0.052,236,0.049,235,0.043,210,0.047,201,0.040,194,0.043,204,0.052,192,0.059,193,0.055,187,0.050,177,0.046,198,0.040,200,0.035,190,0.032,187,0.041,194,0.043,189,0.025,206,0.021,166,0.006, 90,0.020,357,0.098, 23,0.118, 39,0.067, 22,0.044,  0,0.011,  0,0.013,180,0.023,221,0.021,163,0.031,163,0.039,167,0.034,163,0.024,182,0.033,187,0.031,178,-32768.000,-32768
<FINISH>
   51,26,01,28,10,16,15,94,0.44,16.90,139.0,20678.000,0.55,7.30,295.0,53,0.029,176,0.035,172,0.023,160,0.023,175,0.016,169,0.018,180,0.024,180,0.016,210,0.026,231,0.017,225,0.021,239,0.022,223,0.013,228,0.031,233,0.031,239,0.039,238,0.023,227,0.035,225,0.031,217,0.025,243,0.028,235,0.020,250,0.025,243,0.029,224,0.027,266,0.041,260,0.042,243,0.036,270,0.032,263,0.016,274,0.021,323,0.007,278,0.015,286,0.013,333,0.023,317,0.018,341,0.048,195,0.134,198,0.218,202,0.242,190,0.212,219,0.108,197,0.058,197,0.058,198,0.052,198,0.043,203,0.053,183,0.056,196,0.047,196,0.051,195,0.039,192,0.037,169,-32768.000,-32768
<FINISH>
   52,26,01,28,10,46,15,94,0.44,16.90,14.0,20670.000,0.56,8.30,34.0,53,0.016,345,0.013, 42,0.005,  0,0.017,294,0.021,265,0.016,240,0.019,261,0.031,263,0.027,231,0.024,213,0.024,232,0.031,222,0.032,229,0.033,231,0.037,223,0.025,225,0.034,242,0.036,262,0.023,272,0.029,232,0.049,224,0.031,222,0.024,218,0.042,227,0.037,227,0.033,223,0.028,221,0.035,211,0.025,180,0.015,212,0.021,188,0.018,196,0.002,270,0.005,202,0.006,252,0.006,198,0.085,185,0.277,199,0.493,189,0.481,182,0.502,189,0.374,194,0.221,184,0.194,190,0.175,191,0.163,191,0.166,189,0.159,188,0.131,185,0.115,184,0.095,188,0.085,181,-32768.000,-32768
<FINISH>
   53,26,01,28,11,16,15,94,0.45,14.90,328.0,20691.000,0.57,7.80,39.0,53,0.018,331,0.012,355,0.009,333,0.020,311,0.011,319,0.035,288,0.032,281,0.027,292,0.032,274,0.030,270,0.042,259,0.027,260,0.037,264,0.032,250,0.039,243,0.028,262,0.032,268,0.039,247,0.042,230,0.032,236,0.029,229,0.023,221,0.030,204,0.038,208,0.032,198,0.030,188,0.031,165,0.025,173,0.032,173,0.031,147,0.030,163,0.023,185,0.027,174,0.006,141,0.009,257,0.011, 38,0.123,152,0.323,158,0.546,158,0.506,155,0.476,155,0.354,174,0.284,161,0.236,160,0.207,163,0.206,162,0.185,159,0.180,158,0.178,155,0.177,158,0.168,159,0.154,159,-32768.000,-32768
<FINISH>
   54,26,01,28,11,46,15,94,0.54,5.40,131.0,20718.000,0.68,6.90,130.0,53,0.003,252,0.017,270,0.017,273,0.028,266,0.037,250,0.040,242,0.028,247,0.027,243,0.035,250,0.033,250,0.029,236,0.026,230,0.034,225,0.023,227,0.026,220,0.024,237,0.026,230,0.030,242,0.030,236,0.023,252,0.031,212,0.013,207,0.019,208,0.040,219,0.030,208,0.035,205,0.018,180,0.021,172,0.019,137,0.009,131,0.013, 99,0.008,157,0.008,120,0.006, 90,0.020,342,0.028, 45,0.117,155,0.257,154,0.561,151,0.626,148,0.603,158,0.461,173,0.328,162,0.247,159,0.208,161,0.178,156,0.187,160,0.171,155,0.168,154,0.154,157,0.149,158,0.124,159,-32768.000,-32768
<FINISH>
   55,26,01,28,12,16,15,94,0.48,5.90,326.0,20777.000,0.61,6.80,327.0,53,0.036,294,0.039,273,0.032,259,0.042,277,0.031,268,0.032,266,0.041,260,0.035,268,0.038,245,0.042,267,0.036,251,0.030,264,0.037,253,0.035,282,0.036,276,0.026,245,0.034,233,0.032,242,0.032,252,0.013,238,0.019,245,0.007,270,0.010,270,0.010,233,0.003, 18,0.006,129,0.008, 60,0.013, 99,0.016,  7,0.014,356,0.005,  0,0.026,  0,0.030,351,0.025, 42,0.020,150,0.045,175,0.122,149,0.274,161,0.582,163,0.600,160,0.677,157,0.572,175,0.506,172,0.417,164,0.350,158,0.310,158,0.250,157,0.207,158,0.187,154,0.158,156,0.151,156,0.138,150,-32768.000,-32768
<FINISH>
   56,26,01,28,12,46,15,94,0.38,5.00,94.0,20843.000,0.48,6.90,112.0,53,0.036,309,0.033,290,0.040,298,0.027,270,0.028,297,0.027,303,0.034,304,0.034,285,0.031,289,0.033,268,0.024,289,0.021,259,0.026,277,0.023,270,0.025,212,0.015,228,0.031,216,0.028,193,0.029,209,0.036,203,0.034,168,0.038,155,0.038,173,0.053,157,0.051,154,0.044,150,0.035,134,0.032,114,0.021,145,0.022,148,0.005,169,0.007,164,0.010,156,0.008,180,0.011, 49,0.014,356,0.083,176,0.223,183,0.562,156,0.528,161,0.577,156,0.501,167,0.542,165,0.464,162,0.385,159,0.310,157,0.281,155,0.275,156,0.264,152,0.254,152,0.223,152,0.186,154,-32768.000,-32768
<FINISH>
   57,26,01,28,13,16,15,94,0.49,13.40,18.0,20930.000,0.62,6.30,25.0,53,0.029,295,0.018,292,0.019,291,0.029,260,0.025,254,0.029,270,0.025,263,0.022,234,0.026,247,0.040,252,0.024,261,0.022,252,0.034,253,0.033,268,0.023,270,0.026,259,0.030,258,0.030,247,0.019,254,0.016,281,0.013,283,0.031,279,0.029,241,0.019,258,0.020,243,0.015,250,0.006,121,0.025,101,0.029, 70,0.024, 60,0.026, 28,0.010, 11,0.034, 27,0.053, 36,0.057, 54,0.032, 86,0.105,140,0.185,186,0.537,162,0.568,168,0.635,164,0.623,171,0.634,166,0.622,162,0.527,163,0.393,163,0.329,159,0.274,155,0.241,154,0.224,153,0.213,148,0.159,146,-32768.000,-32768
<FINISH>
   58,26,01,28,13,46,15,94,0.39,5.40,182.0,21011.000,0.50,6.60,205.0,53,0.032,274,0.032,256,0.032,254,0.030,253,0.033,254,0.032,256,0.037,268,0.030,300,0.034,280,0.036,256,0.030,285,0.035,275,0.023,283,0.031,257,0.025,244,0.028,243,0.034,238,0.041,233,0.036,204,0.037,216,0.033,213,0.025,191,0.025,169,0.024,138,0.020,123,0.030,105,0.037, 66,0.052, 58,0.029, 68,0.012, 24,0.013, 32,0.025, 58,0.036, 60,0.036, 56,0.040, 99,0.031,103,0.071,128,0.215,151,0.502,164,0.560,166,0.653,168,0.619,176,0.605,177,0.522,167,0.447,165,0.366,164,0.324,163,0.255,166,0.216,157,0.220,156,0.235,156,0.229,162,-32768.000,-32768
<FINISH>
   59,26,01,28,14,16,15,94,0.66,5.00,18.0,21091.000,0.84,5.80,34.0,53,0.045,219,0.035,237,0.044,249,0.044,249,0.042,242,0.047,245,0.037,241,0.024,253,0.034,240,0.037,236,0.039,232,0.034,253,0.042,258,0.038,247,0.029,260,0.048,248,0.046,252,0.039,258,0.048,255,0.047,259,0.036,272,0.037,272,0.042,281,0.023,295,0.008,284,0.025, 40,0.030,  4,0.052,  3,0.049,354,0.053,357,0.060,354,0.055,  5,0.053, 36,0.055, 70,0.060, 98,0.076,111,0.062,117,0.165,176,0.507,176,0.626,176,0.623,176,0.751,173,0.701,181,0.610,180,0.546,177,0.434,173,0.374,177,0.285,173,0.231,168,0.199,169,0.184,171,0.183,167,-32768.000,-32768
<FINISH>
   60,26,01,28,14,46,15,94,0.43,13.40,180.0,21199.000,0.55,6.10,175.0,53,0.017,213,0.020,229,0.012,235,0.016,240,0.028,262,0.019,286,0.021,270,0.024,240,0.019,252,0.028,283,0.031,266,0.033,295,0.032,274,0.039,289,0.040,288,0.044,298,0.045,291,0.043,273,0.045,279,0.042,281,0.037,284,0.017,291,0.008,330,0.031,  2,0.028,  4,0.034, 19,0.026, 25,0.037, 43,0.038, 53,0.045, 80,0.065, 87,0.068, 99,0.071,108,0.070,119,0.068,129,0.056,134,0.068,151,0.138,160,0.343,186,0.635,174,0.660,174,0.714,173,0.706,186,0.579,181,0.468,175,0.392,177,0.325,176,0.290,170,0.246,170,0.217,165,0.197,165,0.171,164,-32768.000,-32768
<FINISH>
   61,26,01,28,15,16,15,94,0.41,5.40,28.0,21282.000,0.52,6.60,314.0,53,0.019,201,0.036,201,0.030,221,0.030,186,0.037,197,0.028,198,0.031,211,0.030,222,0.031,197,0.023,223,0.033,219,0.021,211,0.022,219,0.019,231,0.016,259,0.036,260,0.031,216,0.032,242,0.038,245,0.031,249,0.046,237,0.030,256,0.047,264,0.033,261,0.019,264,0.017,257,0.004,225,0.003,342,0.001,270,0.021,346,0.023,331,0.022, 13,0.020, 49,0.036, 66,0.054, 88,0.042, 95,0.022, 85,0.102,166,0.265,167,0.606,167,0.656,170,0.732,170,0.671,181,0.496,183,0.377,178,0.299,174,0.248,172,0.226,172,0.189,174,0.170,176,0.161,176,0.157,177,-32768.000,-32768
<FINISH>
   62,26,01,28,15,46,15,94,0.53,5.00,18.0,21357.000,0.67,6.10,352.0,53,0.017, 25,0.016, 45,0.015, 23,0.012,351,0.018,338,0.005,338,0.021,299,0.028,297,0.035,290,0.028,302,0.034,280,0.038,270,0.045,279,0.041,287,0.036,264,0.046,274,0.043,285,0.037,316,0.037,292,0.029,299,0.021,293,0.002,270,0.006,211,0.004,297,0.009, 41,0.014,111,0.028,132,0.036,144,0.046,141,0.048,143,0.053,163,0.061,168,0.061,165,0.064,173,0.070,169,0.087,171,0.091,180,0.068,128,0.100,142,0.243,134,0.293,108,0.267,111,0.157,136,0.137,139,0.112,137,0.122,135,0.104,138,0.106,140,0.095,143,0.092,133,0.078,142,0.073,150,-32768.000,-32768
<FINISH>
   63,26,01,28,16,16,15,94,0.47,5.40,157.0,21417.000,0.60,6.30,24.0,53,0.006,321,0.005,281,0.009,283,0.015,270,0.011,221,0.025,265,0.021,281,0.024,265,0.027,257,0.033,273,0.039,251,0.027,253,0.034,268,0.041,252,0.041,253,0.038,253,0.037,250,0.041,269,0.023,260,0.036,252,0.032,256,0.025,258,0.014,258,0.040,300,0.038,275,0.024,279,0.006,342,0.022,100,0.012,125,0.022,137,0.020,143,0.032,175,0.031,173,0.048,169,0.051,174,0.051,167,0.068,150,0.116,103,0.181, 86,0.299, 88,0.356, 87,0.358, 98,0.248,106,0.145,105,0.116,107,0.125,103,0.153, 95,0.146, 89,0.157, 89,0.147, 88,0.130, 92,0.111, 99,-32768.000,-32768
<FINISH>
   64,26,01,28,16,46,15,94,0.57,5.20,150.0,21469.000,0.72,5.90,80.0,53,0.006,239,0.016,220,0.011,285,0.024,298,0.036,307,0.026,320,0.033,277,0.040,292,0.053,274,0.053,275,0.038,264,0.044,264,0.048,268,0.052,254,0.050,251,0.047,235,0.051,245,0.041,239,0.039,239,0.034,218,0.045,257,0.039,244,0.043,236,0.031,238,0.017,245,0.029,316,0.013,318,0.009, 54,0.008, 83,0.021,109,0.051,137,0.050,120,0.048,120,0.058,111,0.069,113,0.094, 98,0.061,111,0.124,107,0.152, 69,0.431, 58,0.672, 52,0.635, 51,0.483, 51,0.327, 52,0.284, 59,0.256, 66,0.241, 72,0.227, 74,0.206, 80,0.193, 77,0.177, 84,0.148, 85,-32768.000,-32768
<FINISH>
   65,26,01,28,17,16,15,94,0.58,5.90,26.0,21498.000,0.73,5.90,348.0,53,0.045,250,0.034,236,0.040,249,0.043,246,0.040,256,0.054,235,0.065,241,0.068,241,0.071,236,0.075,229,0.070,235,0.071,239,0.065,236,0.067,249,0.067,230,0.076,228,0.063,223,0.081,223,0.077,233,0.069,221,0.067,220,0.060,218,0.050,232,0.049,233,0.046,236,0.031,248,0.024,263,0.022,198,0.027,144,0.041,118,0.054,105,0.066, 96,0.056, 83,0.050, 90,0.044, 62,0.043, 52,0.043, 21,0.062, 88,0.112, 60,0.286, 42,0.455, 33,0.382, 48,0.212, 55,0.154, 55,0.136, 45,0.116, 49,0.111, 59,0.123, 53,0.136, 58,0.137, 58,0.111, 57,0.091, 63,-32768.000,-32768
<FINISH>
   66,26,01,28,17,46,15,94,0.53,14.90,226.0,21506.000,0.67,6.20,237.0,53,0.040,242,0.044,219,0.050,222,0.056,197,0.050,201,0.062,206,0.055,201,0.058,197,0.062,203,0.059,207,0.075,205,0.078,209,0.074,213,0.070,228,0.075,228,0.085,223,0.079,230,0.088,224,0.090,229,0.090,222,0.093,217,0.085,216,0.078,214,0.076,208,0.075,206,0.085,214,0.080,220,0.065,223,0.062,232,0.065,243,0.052,246,0.039,232,0.042,235,0.038,225,0.023,229,0.028,289,0.048,338,0.050, 70,0.112, 54,0.316, 51,0.479, 43,0.421, 51,0.242, 32,0.183, 22,0.160, 28,0.140, 37,0.132, 44,0.129, 51,0.111, 62,0.114, 59,0.099, 57,0.067, 57,-32768.000,-32768
<FINISH>
   67,26,01,28,18,16,15,94,0.65,5.00,20.0,21491.000,0.83,5.80,335.0,53,0.046,234,0.040,224,0.031,218,0.039,222,0.044,225,0.041,225,0.035,237,0.043,220,0.059,215,0.045,220,0.056,223,0.053,217,0.064,224,0.053,232,0.056,241,0.056,249,0.065,241,0.052,241,0.056,253,0.052,227,0.042,225,0.055,237,0.056,240,0.051,237,0.045,231,0.047,228,0.045,215,0.032,240,0.032,250,0.040,263,0.052,286,0.046,292,0.041,317,0.036,318,0.039,348,0.050,352,0.058, 13,0.090, 45,0.196, 53,0.521, 47,0.642, 44,0.716, 46,0.492, 57,0.338, 39,0.301, 43,0.235, 45,0.201, 49,0.203, 48,0.187, 52,0.170, 51,0.149, 47,0.133, 48,-32768.000,-32768
<FINISH>
   68,26,01,28,18,46,15,94,0.53,6.20,26.0,21454.000,0.67,5.90,0.0,53,0.041,236,0.035,230,0.040,229,0.032,219,0.039,211,0.034,214,0.039,212,0.039,195,0.035,207,0.042,197,0.045,209,0.043,199,0.046,210,0.045,207,0.048,202,0.047,200,0.040,207,0.049,207,0.043,213,0.040,219,0.045,229,0.036,212,0.037,224,0.034,225,0.035,235,0.029,226,0.028,231,0.028,247,0.033,232,0.041,277,0.037,278,0.041,321,0.059,330,0.073,320,0.094,323,0.103,327,0.108,353,0.104, 34,0.177, 42,0.638, 51,0.737, 43,0.757, 45,0.728, 52,0.568, 42,0.511, 48,0.453, 49,0.401, 53,0.367, 52,0.317, 56,0.277, 55,0.222, 55,0.181, 58,-32768.000,-32768
<FINISH>
   69,26,01,28,19,16,15,94,0.46,5.00,262.0,21390.000,0.59,6.60,303.0,53,0.040,247,0.044,249,0.044,250,0.040,247,0.041,225,0.043,222,0.042,228,0.059,205,0.062,206,0.057,203,0.059,215,0.053,212,0.061,206,0.046,218,0.059,228,0.048,221,0.052,210,0.044,233,0.047,215,0.043,217,0.041,217,0.034,223,0.047,228,0.037,211,0.033,218,0.029,207,0.030,201,0.033,192,0.012,235,0.009,198,0.025,310,0.030,327,0.036,339,0.050,326,0.069,339,0.100,342,0.104,359,0.113, 57,0.269, 58,0.351, 43,0.266, 18,0.187, 54,0.233, 18,0.218, 13,0.218, 15,0.205, 25,0.206, 33,0.212, 35,0.214, 44,0.204, 45,0.165, 47,0.145, 50,-32768.000,-32768
<FINISH>
   70,26,01,28,19,46,15,94,0.36,6.20,162.0,21339.000,0.46,7.20,288.0,53,0.049,284,0.040,282,0.039,271,0.037,256,0.048,254,0.043,242,0.040,245,0.040,233,0.032,224,0.041,227,0.041,232,0.030,228,0.036,232,0.035,223,0.034,220,0.039,235,0.035,217,0.039,210,0.034,233,0.031,199,0.030,204,0.026,212,0.030,174,0.033,185,0.044,171,0.044,167,0.047,167,0.052,167,0.038,158,0.047,167,0.036,177,0.019,189,0.023,252,0.031,308,0.070,326,0.108,341,0.128, 11,0.054, 37,0.269, 56,0.417, 29,0.375, 19,0.349, 33,0.186,  3,0.166,  7,0.159,  5,0.168, 17,0.152, 30,0.153, 40,0.144, 44,0.123, 44,0.109, 53,0.100, 44,-32768.000,-32768
<FINISH>
   71,26,01,28,20,16,15,94,0.49,14.90,190.0,21280.000,0.62,7.20,172.0,53,0.050,309,0.044,297,0.035,288,0.042,294,0.032,283,0.033,282,0.036,283,0.030,255,0.030,291,0.027,301,0.024,300,0.030,314,0.025,307,0.018,317,0.014,304,0.003,315,0.017,170,0.038,169,0.046,157,0.079,176,0.081,162,0.081,158,0.095,153,0.095,155,0.102,152,0.099,158,0.102,168,0.085,168,0.073,173,0.057,169,0.045,174,0.010,259,0.013,270,0.028,342,0.051,343,0.088,343,0.096, 17,0.095, 97,0.197, 79,0.224, 38,0.217, 18,0.185, 48,0.149,  9,0.134, 20,0.118, 18,0.103, 41,0.106, 60,0.092, 77,0.091, 85,0.090, 74,0.081, 89,0.069, 95,-32768.000,-32768
<FINISH>
   72,26,01,28,20,46,15,94,0.50,14.90,76.0,21197.000,0.63,7.50,105.0,53,0.041,  3,0.040, 28,0.040, 27,0.036, 19,0.028, 27,0.028, 27,0.033, 40,0.040, 28,0.039, 35,0.037, 63,0.033, 39,0.038, 48,0.044, 82,0.074,107,0.095,118,0.096,129,0.111,124,0.120,132,0.128,135,0.143,136,0.167,147,0.183,148,0.184,150,0.182,154,0.162,152,0.177,157,0.198,156,0.212,155,0.203,159,0.192,155,0.166,146,0.176,152,0.175,158,0.148,157,0.122,166,0.112,174,0.082,175,0.058, 85,0.085, 72,0.158, 24,0.207, 21,0.171, 27,0.073, 23,0.025, 42,0.038,148,0.014,144,0.086,124,0.077,151,0.072,156,0.079,171,0.088,165,0.082,174,-32768.000,-32768
<FINISH>
   73,26,01,28,21,16,15,94,0.43,5.70,58.0,21105.000,0.55,6.60,229.0,53,0.019, 36,0.026,121,0.012,114,0.019,155,0.027,158,0.029,144,0.019,159,0.020,139,0.023,162,0.038,147,0.037,153,0.033,169,0.024,150,0.039,148,0.036,146,0.031,158,0.057,139,0.047,146,0.040,130,0.026,140,0.034,135,0.039,111,0.020,117,0.014, 90,0.037, 99,0.041,100,0.049, 79,0.023,103,0.023,128,0.041,112,0.039,117,0.031, 86,0.054, 53,0.082, 21,0.092,358,0.137,  5,0.134, 18,0.067, 50,0.197, 43,0.381, 24,0.418, 33,0.328, 14,0.275, 12,0.228, 19,0.180, 23,0.149, 17,0.116, 11,0.062, 18,0.024, 73,0.025, 97,0.018,135,0.019,129,-32768.000,-32768
<FINISH>
   74,26,01,28,21,46,15,94,0.40,14.90,142.0,21019.000,0.51,7.60,102.0,53,0.032,154,0.029,180,0.023,170,0.023,157,0.013,162,0.016,133,0.015,200,0.019,125,0.011,153,0.010,197,0.016,145,0.006,135,0.006, 81,0.015,184,0.014,172,0.008,263,0.021, 95,0.023, 85,0.024, 71,0.018, 74,0.033, 57,0.031, 54,0.050, 59,0.050, 53,0.063, 51,0.066, 48,0.075, 47,0.051, 48,0.066, 36,0.039, 46,0.056, 54,0.069, 54,0.055, 48,0.045, 46,0.062, 45,0.076, 25,0.048, 60,0.080, 97,0.149, 58,0.269, 41,0.218, 37,0.160, 17,0.151, 22,0.128, 36,0.129, 48,0.101, 41,0.085, 56,0.073, 61,0.077, 56,0.101, 77,0.092, 82,0.080, 80,-32768.000,-32768
<FINISH>
   75,26,01,28,22,16,15,94,0.57,5.00,220.0,20931.000,0.72,6.30,218.0,53,0.013,331,0.007,344,0.018,357,0.021,346,0.010,343,0.017, 25,0.021, 17,0.008,346,0.017, 57,0.002, 90,0.016,198,0.017,156,0.025,166,0.017,147,0.033,117,0.029,110,0.026, 72,0.062, 82,0.041, 87,0.052, 79,0.018, 29,0.021, 82,0.043, 99,0.037,135,0.043,147,0.048,126,0.025,137,0.051,107,0.044,131,0.056,117,0.066,116,0.052, 79,0.049, 88,0.049, 75,0.061, 54,0.100, 34,0.045, 73,0.148, 66,0.339, 46,0.448, 35,0.335, 40,0.242, 29,0.186, 26,0.169, 36,0.132, 26,0.134, 38,0.145, 30,0.101, 49,0.091, 45,0.052, 56,0.050, 71,0.058, 56,-32768.000,-32768
<FINISH>
   76,26,01,28,22,46,15,94,0.52,5.20,112.0,20866.000,0.66,6.30,74.0,53,0.051,168,0.057,176,0.063,178,0.051,177,0.060,175,0.055,160,0.043,146,0.031,142,0.007,164,0.018,167,0.029,153,0.023,165,0.008,220,0.002,270,0.015,118,0.015,101,0.030,178,0.017,140,0.016, 60,0.014,155,0.013,157,0.016, 68,0.018, 13,0.030, 45,0.029, 49,0.018, 29,0.022, 66,0.028, 35,0.055, 48,0.059, 53,0.057, 41,0.064, 32,0.073, 37,0.094, 22,0.111,351,0.176,  5,0.034, 75,0.106, 75,0.332, 80,0.451, 69,0.332, 67,0.228, 44,0.171, 32,0.130, 34,0.115, 44,0.087, 39,0.049, 67,0.086, 47,0.078, 39,0.072, 74,0.086, 67,0.079, 66,-32768.000,-32768
<FINISH>
   77,26,01,28,23,16,15,94,0.40,14.90,238.0,20792.000,0.51,7.30,136.0,53,0.008, 90,0.019,115,0.014,141,0.016, 79,0.026,108,0.019,133,0.023,100,0.019,115,0.009, 36,0.016, 52,0.016, 90,0.003, 72,0.019, 43,0.013,103,0.019,102,0.002,207,0.006,108,0.015, 37,0.015, 82,0.021, 67,0.032, 55,0.027, 68,0.030, 73,0.025, 83,0.026, 65,0.039, 94,0.026, 88,0.016,112,0.039,103,0.037, 81,0.035, 93,0.025,111,0.029, 76,0.054, 86,0.066, 86,0.060, 43,0.072,125,0.166, 98,0.402, 85,0.456, 71,0.339, 68,0.224, 58,0.182, 63,0.152, 72,0.126, 83,0.119, 89,0.100, 95,0.079, 85,0.087, 80,0.081, 79,0.066,100,0.059,106,-32768.000,-32768
<FINISH>
   78,26,01,28,23,46,15,94,0.52,6.20,190.0,20745.000,0.67,6.10,237.0,53,0.016,145,0.027,126,0.031,122,0.034,114,0.032,112,0.031,115,0.028,150,0.024,120,0.024, 54,0.020, 33,0.021, 47,0.026,137,0.017, 77,0.015,332,0.005,202,0.013,212,0.022,198,0.014,188,0.008,166,0.023,140,0.011,128,0.014,144,0.031, 83,0.034, 83,0.030,150,0.015,148,0.023,211,0.014,163,0.015,113,0.035, 92,0.006, 39,0.019,141,0.033,119,0.024, 81,0.025, 16,0.057, 41,0.081,128,0.119,122,0.143,102,0.119, 84,0.065, 88,0.041, 28,0.037, 61,0.035, 63,0.039, 99,0.039,121,0.050,121,0.045,131,0.047,111,0.057,117,0.078,121,0.102,108,-32768.000,-32768
<FINISH>
   79,26,01,29,00,16,15,94,0.45,14.90,166.0,20714.000,0.58,6.20,185.0,53,0.011, 27,0.020,105,0.021, 85,0.018, 96,0.027, 54,0.011, 22,0.033, 23,0.037,336,0.033,335,0.013, 27,0.018, 34,0.015,349,0.007, 56,0.021, 23,0.023, 34,0.019, 25,0.018, 74,0.018, 47,0.011, 56,0.022,344,0.004,243,0.004,284,0.007,124,0.004,194,0.005,127,0.007,270,0.009,159,0.013,122,0.009,122,0.021,149,0.029,158,0.028,199,0.034,227,0.026,277,0.035,260,0.008,173,0.025, 88,0.076, 51,0.134, 31,0.157, 26,0.101,  4,0.047,348,0.022,352,0.009,339,0.015,344,0.009, 49,0.014,188,0.026,164,0.017, 90,0.015,113,0.011,112,0.026,103,-32768.000,-32768
<FINISH>
   80,26,01,29,00,46,15,94,0.48,12.10,92.0,20685.000,0.61,6.40,147.0,53,0.015,286,0.025, 27,0.009, 63,0.017, 62,0.018, 45,0.020, 60,0.027, 36,0.023,  2,0.012, 35,0.012, 59,0.005, 22,0.002,297,0.015,138,0.001, 45,0.010,114,0.014, 54,0.015, 48,0.010, 73,0.004, 34,0.011,338,0.018,317,0.012,261,0.002,153,0.015,172,0.012,145,0.013,193,0.017,167,0.013,122,0.011, 80,0.012,138,0.024,216,0.020,221,0.026,208,0.033,261,0.047,285,0.011,124,0.060, 96,0.083, 56,0.104, 23,0.072, 15,0.044,351,0.053,335,0.024,345,0.013,318,0.010, 79,0.025,119,0.052,110,0.047,100,0.039,102,0.039, 84,0.035,102,0.021,127,-32768.000,-32768
<FINISH>
   81,26,01,29,01,16,15,94,0.58,5.00,64.0,20699.000,0.73,6.10,58.0,53,0.040,295,0.046,292,0.030,285,0.040,323,0.018,  3,0.034,358,0.021,332,0.019,344,0.023,335,0.017,303,0.021,325,0.024, 17,0.014,326,0.017, 17,0.013,  4,0.008, 76,0.007,344,0.013,351,0.012, 14,0.007, 56,0.004,180,0.004,270,0.018,135,0.019,168,0.026,173,0.021,169,0.030,147,0.034,150,0.049,166,0.041,164,0.056,162,0.046,147,0.019,171,0.023,187,0.025,247,0.016,356,0.017,183,0.013,342,0.036,306,0.040,317,0.066,278,0.052,285,0.024,275,0.028,260,0.019,208,0.033,178,0.030,136,0.042,125,0.041,126,0.039,140,0.028,142,0.028,145,-32768.000,-32768
<FINISH>
   82,26,01,29,01,46,15,94,0.46,5.20,328.0,20710.000,0.58,6.90,329.0,53,0.031,301,0.023,299,0.019,351,0.020,340,0.031,328,0.033,329,0.036,330,0.032,309,0.023,301,0.029,284,0.020,294,0.020,315,0.016,284,0.015,302,0.015,293,0.024,289,0.031,259,0.017,239,0.015,266,0.009,257,0.009,249,0.008,230,0.010,  0,0.005, 22,0.014,216,0.011,214,0.017,190,0.024,163,0.016,140,0.028,195,0.029,198,0.030,172,0.010,217,0.025,233,0.045,257,0.027,184,0.055, 93,0.152, 81,0.194, 64,0.177, 64,0.047, 27,0.017, 10,0.004, 14,0.026, 77,0.034, 92,0.053,100,0.055, 92,0.067,102,0.079, 99,0.045, 90,0.040, 70,0.046,123,-32768.000,-32768
<FINISH>
   83,26,01,29,02,16,15,94,0.45,5.20,323.0,20743.000,0.57,6.40,303.0,53,0.012,246,0.025,288,0.031,308,0.014,  4,0.009,297,0.011,308,0.004,225,0.012,305,0.011,292,0.016,313,0.014,266,0.011,255,0.009,198,0.014,262,0.010,281,0.025,256,0.026,266,0.031,266,0.044,288,0.040,289,0.041,284,0.049,293,0.042,282,0.040,282,0.058,275,0.060,279,0.068,286,0.065,287,0.049,290,0.045,275,0.042,291,0.043,314,0.023,275,0.017,315,0.015,302,0.010,264,0.035, 53,0.181, 81,0.218, 66,0.224, 66,0.111, 71,0.089, 66,0.062, 69,0.061, 84,0.073, 77,0.070, 78,0.081, 84,0.079, 78,0.074, 63,0.059, 73,0.046, 54,0.039, 67,-32768.000,-32768
<FINISH>
   84,26,01,29,02,46,15,94,0.57,5.40,154.0,20789.000,0.73,6.10,198.0,53,0.055,302,0.052,301,0.059,304,0.052,301,0.070,301,0.076,297,0.077,286,0.070,289,0.076,289,0.071,288,0.072,287,0.069,287,0.072,291,0.079,294,0.058,283,0.053,295,0.054,289,0.046,281,0.037,267,0.040,261,0.032,270,0.036,264,0.024,275,0.006,252,0.008,256,0.016,285,0.017,193,0.022,198,0.015,176,0.033,137,0.043,158,0.047,149,0.049,156,0.031,199,0.041,214,0.017,167,0.035,149,0.044,125,0.061,  1,0.093,332,0.035,  2,0.037,331,0.026,277,0.024,272,0.021,233,0.023,195,0.021,163,0.027,135,0.033,133,0.032,148,0.039,142,0.026,151,-32768.000,-32768
<FINISH>
   85,26,01,29,03,16,15,94,0.50,5.00,106.0,20829.000,0.63,7.10,113.0,53,0.075,309,0.062,310,0.031,295,0.011,297,0.007,254,0.025, 47,0.012,125,0.021,157,0.006, 39,0.018,193,0.006,180,0.019,267,0.019,216,0.029,166,0.038,253,0.035,246,0.033,226,0.036,238,0.042,243,0.038,237,0.016,240,0.023,268,0.033,250,0.027,243,0.022,254,0.016,243,0.022,252,0.030,272,0.022,265,0.028,260,0.045,231,0.052,250,0.049,277,0.062,282,0.071,293,0.032,294,0.020,311,0.023, 85,0.028,270,0.084,338,0.077,293,0.078,274,0.066,271,0.072,272,0.056,288,0.038,243,0.051,238,0.034,218,0.029,180,0.017,149,0.019,168,0.022,159,-32768.000,-32768
<FINISH>
   86,26,01,29,03,46,15,94,0.47,5.70,170.0,20872.000,0.59,6.50,230.0,53,0.020,357,0.015,  4,0.019,328,0.037,306,0.044,294,0.062,277,0.059,265,0.041,269,0.039,269,0.067,268,0.064,269,0.068,264,0.069,269,0.076,255,0.069,256,0.062,240,0.064,246,0.065,236,0.060,236,0.057,231,0.043,242,0.058,235,0.045,241,0.042,235,0.024,237,0.030,242,0.021,229,0.011,135,0.003,342,0.027,184,0.008, 90,0.015,262,0.023,270,0.030,266,0.047,271,0.027,257,0.008, 14,0.050,327,0.078,281,0.108,301,0.103,291,0.101,286,0.080,274,0.060,271,0.032,294,0.008,346,0.004, 90,0.020, 66,0.023, 80,0.024, 45,0.026, 50,0.030, 26,-32768.000,-32768
<FINISH>
   87,26,01,29,04,16,15,94,0.52,5.40,169.0,20931.000,0.65,6.10,256.0,53,0.073,218,0.077,222,0.068,224,0.072,234,0.074,232,0.081,228,0.073,240,0.073,230,0.075,220,0.075,215,0.080,211,0.070,223,0.070,204,0.059,200,0.054,203,0.055,215,0.033,203,0.004,  0,0.013,342,0.010,191,0.010,119,0.028,178,0.023, 40,0.016,120,0.006,  9,0.013, 77,0.045,192,0.039,174,0.043,199,0.040,212,0.023,209,0.033,203,0.031,207,0.014,214,0.013,122,0.013,212,0.004, 34,0.059, 21,0.071, 13,0.147,339,0.085,336,0.020,349,0.005, 68,0.021,113,0.012, 48,0.015, 58,0.009, 96,0.017,  3,0.017,335,0.009, 21,0.032,358,0.024, 22,-32768.000,-32768
<FINISH>
   88,26,01,29,04,46,15,94,0.44,5.20,346.0,20969.000,0.56,6.50,358.0,53,0.064,205,0.078,201,0.076,202,0.065,212,0.070,213,0.078,214,0.074,211,0.081,206,0.070,218,0.090,217,0.069,213,0.076,204,0.078,206,0.067,200,0.070,197,0.067,201,0.086,173,0.076,183,0.062,187,0.048,185,0.032,182,0.025,196,0.023,182,0.020,207,0.047,211,0.024,237,0.048,219,0.029,221,0.030,250,0.009,212,0.009,193,0.006, 90,0.004, 45,0.013,  4,0.005,270,0.018,331,0.012,235,0.012, 66,0.014,343,0.082,320,0.095,327,0.035,297,0.018,308,0.017,  3,0.019, 16,0.017,  7,0.010,  0,0.009, 32,0.036,152,0.041,172,0.018,214,0.039,190,-32768.000,-32768
<FINISH>
   89,26,01,29,05,16,15,94,0.57,5.20,329.0,20983.000,0.72,6.40,354.0,53,0.069,208,0.059,199,0.056,191,0.064,184,0.056,184,0.060,179,0.050,175,0.057,185,0.063,192,0.065,193,0.068,198,0.056,200,0.045,189,0.067,200,0.048,193,0.040,213,0.051,204,0.043,208,0.033,205,0.044,231,0.041,234,0.045,245,0.031,245,0.041,247,0.031,249,0.041,253,0.033,265,0.030,249,0.038,295,0.024,265,0.023,285,0.034,270,0.019,279,0.016,270,0.025,331,0.014,300,0.010,209,0.009,339,0.044,  5,0.113,  1,0.121,  7,0.081,323,0.056,337,0.048,331,0.036,341,0.014,339,0.014, 25,0.007, 74,0.019,354,0.018,  0,0.013,342,0.027,345,-32768.000,-32768
<FINISH>
   90,26,01,29,05,46,15,94,0.60,5.20,34.0,21015.000,0.76,6.30,331.0,53,0.013,241,0.016,235,0.013,228,0.015,208,0.021,163,0.029,151,0.027,152,0.030,154,0.038,122,0.047,130,0.050,133,0.031,127,0.024,171,0.029,168,0.031,153,0.016,153,0.029,226,0.026,209,0.017,213,0.025,214,0.043,218,0.051,223,0.042,228,0.037,235,0.044,229,0.032,229,0.029,260,0.028,249,0.030,249,0.030,261,0.047,270,0.051,277,0.052,285,0.056,280,0.061,272,0.044,276,0.026,252,0.006,  9,0.075,354,0.113,352,0.113,355,0.051,330,0.063,333,0.045,301,0.044,286,0.048,281,0.053,279,0.046,279,0.045,284,0.033,261,0.032,257,0.010,241,-32768.000,-32768
<FINISH>
   91,26,01,29,06,16,15,94,0.44,5.40,190.0,21022.000,0.56,7.00,185.0,53,0.015,148,0.013,162,0.011,175,0.013,167,0.006,129,0.009,212,0.015,164,0.006,198,0.019,141,0.017,115,0.016,133,0.032, 99,0.037, 85,0.022, 82,0.040,108,0.024,128,0.014, 98,0.014,107,0.017,130,0.015,113,0.022,146,0.019,171,0.019,183,0.021,169,0.020,191,0.014,236,0.019,192,0.012,279,0.018,292,0.029,264,0.039,271,0.046,272,0.047,291,0.046,288,0.053,300,0.052,311,0.006,  9,0.044, 58,0.197, 29,0.165,  9,0.135, 12,0.089,  6,0.079,  3,0.051,349,0.022,342,0.018,317,0.009,297,0.012,  0,0.036, 42,0.034, 50,0.021, 62,0.016, 52,-32768.000,-32768
<FINISH>
   92,26,01,29,06,46,15,94,0.55,14.90,200.0,21003.000,0.70,6.00,209.0,53,0.026,342,0.038,335,0.031,  2,0.039,  1,0.037, 11,0.050,  3,0.033,  7,0.031, 31,0.049, 54,0.039, 52,0.028, 55,0.034, 67,0.016, 83,0.036,117,0.030,102,0.022,124,0.026,137,0.018,167,0.016,184,0.017,216,0.022,190,0.038,191,0.036,162,0.039,156,0.038,137,0.045,148,0.041,166,0.031,171,0.036,185,0.029,215,0.041,248,0.062,259,0.054,280,0.054,275,0.056,293,0.052,342,0.034, 28,0.066, 83,0.057, 35,0.099,  4,0.082, 14,0.049,  0,0.048,355,0.051,357,0.022,336,0.010,241,0.010,323,0.007,236,0.011,153,0.028,132,0.030,120,0.029, 86,-32768.000,-32768
<FINISH>
   93,26,01,29,07,16,15,94,0.53,14.90,344.0,20985.000,0.67,6.60,59.0,53,0.038,338,0.044,335,0.043,341,0.043,  3,0.037, 33,0.031, 40,0.031, 29,0.029, 49,0.041, 65,0.033, 67,0.030, 90,0.029,110,0.025,124,0.024,107,0.016,128,0.013, 86,0.017,201,0.008,173,0.005,101,0.012,180,0.009,229,0.018,209,0.023,232,0.023,187,0.019,174,0.021,155,0.019,118,0.018,109,0.037, 74,0.023, 80,0.016, 86,0.007,297,0.021,273,0.058,302,0.064,302,0.047,336,0.020,345,0.034, 54,0.079, 12,0.114,350,0.112,352,0.104,329,0.092,338,0.069,333,0.072,333,0.058,326,0.027,327,0.016,346,0.032, 66,0.032, 77,0.023, 43,0.025, 64,-32768.000,-32768
<FINISH>
   94,26,01,29,07,46,15,94,0.51,5.20,62.0,20955.000,0.65,6.70,67.0,53,0.031,303,0.048,299,0.039,316,0.045,323,0.038,346,0.021,355,0.013, 39,0.026, 59,0.031, 53,0.021, 29,0.012, 85,0.022, 90,0.019,118,0.023,165,0.009,117,0.014,126,0.015,164,0.008,135,0.006,162,0.016,218,0.019,216,0.011,158,0.011,195,0.013,157,0.004, 76,0.019, 84,0.018, 87,0.021, 19,0.034, 66,0.026, 54,0.008, 76,0.009,229,0.020,267,0.025,277,0.037,304,0.040,332,0.011,260,0.070, 56,0.185,  2,0.186,352,0.149,351,0.116,348,0.090,346,0.064,343,0.052,330,0.034,343,0.024,353,0.029, 18,0.035, 35,0.042, 31,0.034, 19,0.032, 30,-32768.000,-32768
<FINISH>
   95,26,01,29,08,16,15,94,0.48,5.00,196.0,20909.000,0.61,5.90,296.0,53,0.033,223,0.035,233,0.029,245,0.025,247,0.022,288,0.025,284,0.026,291,0.018,313,0.021,293,0.015,312,0.016,315,0.006,321,0.016, 30,0.014, 56,0.016, 38,0.010, 17,0.008,346,0.013,347,0.014,330,0.004,333,0.016,300,0.003,  0,0.016, 18,0.021, 73,0.032, 26,0.035, 50,0.028, 48,0.026, 58,0.026, 83,0.025, 74,0.017, 97,0.018, 47,0.007,333,0.020,267,0.042,271,0.034,313,0.015, 82,0.123, 73,0.277, 64,0.394, 63,0.293, 62,0.159, 53,0.081, 32,0.048,  4,0.035, 37,0.032, 70,0.059, 79,0.069, 75,0.077, 76,0.075, 75,0.075, 65,0.066, 89,-32768.000,-32768
<FINISH>
