    1,26,01,14,18,04,08,75,0.28,19.50,324.0,21419.000,0.36,15.40,337.0,53,0.045,253,0.070,250,0.073,247,0.087,246,0.094,241,0.096,242,0.109,244,0.121,244,0.117,244,0.124,244,0.118,244,0.130,242,0.120,236,0.116,240,0.112,236,0.115,236,0.102,237,0.113,238,0.107,236,0.111,240,0.091,242,0.103,239,0.103,238,0.092,239,0.076,234,0.075,227,0.048,231,0.016,259,0.007, 34,0.006,  9,0.017, 90,0.026, 50,0.026, 37,0.031, 61,0.028, 44,0.029, 35,0.032,  2,0.034, 56,0.067, 70,0.190, 48,0.364, 52,0.292, 55,0.065, 46,0.054,310,0.128,304,0.106,310,0.093,  5,0.080, 27,0.080, 30,0.080, 35,0.065, 40,0.062, 40,-32768.000,-32768
<FINISH>
    2,26,01,14,19,04,08,75,0.23,19.50,311.0,21452.000,0.29,14.30,307.0,53,0.059,244,0.072,237,0.082,243,0.097,242,0.098,241,0.108,246,0.111,251,0.126,252,0.116,247,0.112,248,0.122,250,0.127,249,0.128,249,0.134,249,0.127,245,0.128,245,0.131,240,0.137,240,0.136,240,0.124,236,0.130,236,0.111,235,0.106,242,0.110,240,0.094,237,0.100,239,0.091,234,0.070,233,0.055,232,0.037,213,0.014,219,0.014,129,0.013,171,0.011,180,0.019,141,0.004,256,0.012,340,0.045, 57,0.095, 73,0.250, 61,0.430, 49,0.402, 54,0.152, 57,0.060, 51,0.065, 22,0.064, 42,0.049, 52,0.083, 56,0.093, 55,0.108, 48,0.098, 43,0.083, 63,-32768.000,-32768
<FINISH>
    3,26,01,14,20,04,08,75,0.33,12.10,323.0,21453.000,0.42,12.30,304.0,53,0.036,232,0.054,250,0.057,246,0.057,253,0.064,252,0.069,251,0.082,243,0.077,242,0.086,243,0.096,239,0.100,241,0.095,247,0.085,239,0.096,239,0.104,246,0.105,238,0.097,238,0.104,240,0.099,239,0.099,241,0.087,246,0.097,238,0.096,239,0.090,241,0.090,241,0.086,247,0.092,248,0.092,243,0.083,249,0.076,240,0.047,222,0.038,215,0.037,251,0.032,274,0.059,316,0.075,323,0.043,321,0.086,105,0.132, 93,0.273, 75,0.384, 55,0.325, 57,0.206, 41,0.217, 32,0.208, 54,0.156, 58,0.124, 55,0.080, 62,0.076, 57,0.067, 57,0.055, 46,0.052, 74,-32768.000,-32768
<FINISH>
    4,26,01,14,21,04,08,75,0.28,12.10,320.0,21311.000,0.36,11.60,313.0,53,0.109,271,0.107,271,0.112,265,0.098,257,0.102,255,0.111,257,0.107,253,0.090,255,0.088,252,0.092,259,0.098,250,0.104,246,0.104,248,0.096,249,0.110,250,0.110,249,0.099,244,0.105,243,0.090,240,0.093,233,0.091,239,0.088,227,0.086,225,0.084,229,0.084,228,0.070,214,0.065,219,0.060,216,0.058,212,0.054,197,0.057,180,0.048,176,0.040,207,0.041,254,0.090,272,0.116,282,0.061,290,0.009,  0,0.139, 83,0.349, 71,0.401, 51,0.301, 53,0.167, 21,0.134, 24,0.074, 24,0.073, 10,0.059,348,0.036, 32,0.026, 77,0.035, 74,0.021, 85,0.037, 87,-32768.000,-32768
<FINISH>
    5,26,01,14,22,04,08,75,0.29,19.50,334.0,21162.000,0.38,14.20,347.0,53,0.048,232,0.035,230,0.035,252,0.030,255,0.029,252,0.043,259,0.042,274,0.048,262,0.058,269,0.049,259,0.070,265,0.066,257,0.061,264,0.064,260,0.074,261,0.077,253,0.071,246,0.080,243,0.063,243,0.076,229,0.070,229,0.062,228,0.063,219,0.078,213,0.083,215,0.076,221,0.066,211,0.054,236,0.042,235,0.020,246,0.006, 31,0.027,336,0.022, 21,0.043, 13,0.059,332,0.065,314,0.025,  7,0.149, 76,0.243, 65,0.306, 67,0.291, 60,0.149, 38,0.107, 32,0.096, 22,0.099, 26,0.102, 38,0.111, 44,0.101, 53,0.105, 53,0.087, 59,0.073, 39,0.058, 49,-32768.000,-32768
<FINISH>
