    1,25,08,18,04,58,13,41,0.29,3.20,350.0,20660.000,0.37,4.80,13.0,53,0.044,303,0.042,294,0.035,286,0.026,288,0.031,299,0.028,316,0.036,328,0.023,313,0.024,348,0.036,347,0.022,306,0.017, 62,0.005, 11,0.003, 90,0.017,180,0.046,209,0.029,180,0.040,168,0.034,197,0.057,181,0.055,186,0.041,196,0.039,177,0.040,186,0.043,191,0.044,185,0.039,190,0.043,179,0.033,191,0.030,163,0.026,171,0.020,150,0.011,112,0.014,168,0.011,229,0.021,152,0.202,182,0.457,188,0.501,194,0.467,193,0.217,183,0.078,173,0.036,207,0.083,208,0.110,207,0.123,197,0.133,199,0.137,203,0.128,198,0.135,192,0.136,192,0.100,190,0.082,202
<FINISH>
    2,25,08,18,05,18,13,42,0.28,14.90,329.0,20671.000,0.36,4.90,22.0,53,0.037,171,0.046,167,0.052,167,0.041,174,0.033,185,0.035,195,0.042,183,0.050,178,0.038,177,0.043,181,0.027,178,0.035,187,0.026,184,0.022,185,0.022,146,0.009,126,0.010,180,0.008,135,0.015,  4,0.015,307,0.006,309,0.008,293,0.017,306,0.016,317,0.032,304,0.035,295,0.049,294,0.047,298,0.039,263,0.050,271,0.045,278,0.039,294,0.040,293,0.048,309,0.040,314,0.033,258,0.193,189,0.541,192,0.626,195,0.553,195,0.391,194,0.219,197,0.129,211,0.105,215,0.092,212,0.119,221,0.121,227,0.145,219,0.126,204,0.134,201,0.140,208,0.112,210,0.093,192
<FINISH>
    3,25,08,18,05,38,13,43,0.29,12.10,343.0,20701.000,0.37,5.50,356.0,53,0.022,207,0.035,235,0.032,226,0.034,236,0.029,226,0.032,235,0.033,252,0.021,247,0.012,256,0.004,236,0.015,281,0.026,279,0.016,256,0.015,266,0.019,321,0.027,290,0.023,250,0.022,275,0.030,246,0.024,232,0.024,225,0.027,239,0.021,229,0.027,234,0.043,242,0.038,248,0.038,227,0.033,223,0.036,231,0.034,233,0.022,252,0.015,266,0.016,305,0.022,278,0.029,266,0.024,234,0.187,188,0.557,192,0.635,201,0.490,198,0.368,194,0.209,190,0.130,202,0.066,200,0.056,190,0.074,170,0.048,213,0.065,223,0.068,224,0.084,222,0.099,226,0.089,216,0.091,202
<FINISH>
    4,25,08,18,05,58,13,44,0.25,3.30,186.0,20724.000,0.32,4.40,23.0,53,0.045,292,0.043,281,0.054,289,0.054,283,0.045,288,0.038,292,0.037,316,0.042,312,0.037,314,0.033,305,0.022,326,0.015,307,0.024,253,0.036,261,0.032,256,0.021,231,0.030,222,0.038,222,0.038,212,0.037,214,0.034,230,0.034,232,0.034,217,0.047,214,0.033,218,0.058,225,0.044,215,0.034,206,0.044,198,0.038,207,0.048,217,0.040,221,0.043,214,0.047,212,0.045,209,0.032,175,0.161,191,0.431,199,0.346,217,0.213,227,0.150,193,0.039,179,0.033,185,0.035,158,0.055,193,0.068,210,0.084,207,0.072,213,0.068,218,0.071,211,0.067,210,0.051,207,0.044,194
<FINISH>
    5,25,08,18,06,18,13,45,0.28,3.40,331.0,20755.000,0.36,4.80,353.0,53,0.083,302,0.085,305,0.072,311,0.075,306,0.066,309,0.058,311,0.048,320,0.030,332,0.018,311,0.019,223,0.025,217,0.034,201,0.037,204,0.037,186,0.049,191,0.055,204,0.049,188,0.050,179,0.055,184,0.043,180,0.055,198,0.056,198,0.051,190,0.045,192,0.046,187,0.041,211,0.041,208,0.036,194,0.060,206,0.054,197,0.066,201,0.076,207,0.068,201,0.077,199,0.078,200,0.073,197,0.149,195,0.463,204,0.608,217,0.548,219,0.404,203,0.282,201,0.179,195,0.116,196,0.103,200,0.109,200,0.108,210,0.094,219,0.073,204,0.066,209,0.076,228,0.056,203,0.072,233
<FINISH>
    6,25,08,18,06,38,13,46,0.30,13.40,319.0,20785.000,0.38,5.40,335.0,53,0.072,306,0.079,316,0.081,317,0.077,313,0.073,313,0.064,312,0.069,314,0.052,295,0.033,284,0.030,274,0.017,246,0.026,201,0.033,205,0.024,204,0.028,188,0.043,199,0.054,198,0.065,201,0.056,199,0.047,204,0.047,196,0.045,188,0.050,195,0.046,207,0.040,190,0.035,200,0.029,190,0.031,184,0.038,213,0.040,217,0.044,218,0.058,204,0.069,213,0.068,209,0.092,215,0.104,220,0.144,206,0.382,210,0.663,221,0.631,218,0.402,216,0.144,207,0.056,243,0.065,247,0.105,218,0.156,214,0.156,213,0.155,218,0.143,216,0.124,218,0.103,212,0.081,209,0.089,196
<FINISH>
    7,25,08,18,06,58,13,47,0.27,3.30,335.0,20818.000,0.35,4.60,337.0,53,0.084,302,0.066,291,0.059,289,0.042,263,0.043,249,0.051,228,0.061,233,0.053,224,0.048,240,0.061,221,0.044,211,0.051,218,0.051,218,0.058,233,0.053,224,0.040,217,0.030,229,0.030,221,0.036,214,0.029,226,0.022,243,0.025,258,0.019,227,0.025,222,0.029,234,0.023,227,0.028,212,0.028,210,0.025,233,0.033,225,0.024,185,0.032,221,0.048,214,0.045,221,0.066,223,0.071,245,0.132,196,0.391,198,0.593,212,0.588,206,0.353,206,0.173,207,0.067,223,0.040,248,0.069,237,0.092,221,0.100,227,0.094,228,0.084,234,0.081,224,0.081,222,0.072,211,0.077,221
<FINISH>
    8,25,08,18,07,18,13,48,0.26,11.10,335.0,20874.000,0.33,5.60,321.0,53,0.054,259,0.071,254,0.065,251,0.065,233,0.066,233,0.067,233,0.077,229,0.066,223,0.065,245,0.053,232,0.062,236,0.054,239,0.056,232,0.049,241,0.053,229,0.037,241,0.039,230,0.038,227,0.040,247,0.023,227,0.023,227,0.014,266,0.011,232,0.027,280,0.018,261,0.025,281,0.032,290,0.015,298,0.018,289,0.028,270,0.027,262,0.019,270,0.033,270,0.050,261,0.067,265,0.081,259,0.103,193,0.357,196,0.620,199,0.693,203,0.517,198,0.281,211,0.145,223,0.097,240,0.110,265,0.077,261,0.077,240,0.083,224,0.084,231,0.078,224,0.079,216,0.083,219,0.069,211
<FINISH>
    9,25,08,18,07,38,13,50,0.28,11.10,337.0,20903.000,0.36,4.70,286.0,53,0.063,252,0.066,246,0.074,249,0.064,238,0.069,239,0.067,243,0.067,243,0.066,241,0.070,231,0.057,226,0.065,221,0.050,227,0.057,228,0.062,223,0.049,226,0.061,229,0.064,228,0.052,229,0.045,228,0.060,241,0.047,215,0.048,234,0.038,223,0.038,265,0.040,247,0.037,272,0.026,302,0.021,307,0.047,302,0.034,298,0.036,284,0.050,290,0.044,302,0.055,298,0.062,286,0.068,271,0.100,191,0.325,187,0.593,185,0.606,189,0.502,188,0.294,199,0.170,218,0.127,227,0.114,227,0.104,227,0.091,229,0.105,220,0.111,223,0.097,225,0.089,212,0.080,203,0.060,212
<FINISH>
   10,25,08,18,07,58,13,51,0.25,12.10,301.0,20959.000,0.32,5.50,339.0,53,0.077,264,0.083,257,0.077,254,0.071,243,0.070,234,0.064,239,0.053,230,0.065,225,0.069,224,0.066,218,0.072,222,0.061,212,0.068,221,0.066,216,0.063,223,0.072,223,0.064,225,0.063,222,0.063,245,0.063,243,0.060,239,0.057,251,0.081,236,0.070,236,0.052,252,0.056,256,0.052,271,0.058,281,0.061,291,0.047,288,0.049,303,0.051,299,0.061,301,0.060,306,0.062,310,0.087,301,0.055,212,0.239,181,0.584,184,0.609,187,0.512,183,0.410,196,0.243,207,0.152,220,0.118,234,0.092,256,0.091,245,0.099,228,0.102,238,0.079,227,0.082,230,0.079,233,0.067,229
<FINISH>
   11,25,08,18,08,18,13,52,0.28,13.40,350.0,20997.000,0.36,6.10,345.0,53,0.088,258,0.089,247,0.077,245,0.075,240,0.076,226,0.077,232,0.079,229,0.072,223,0.076,226,0.074,234,0.074,225,0.086,219,0.073,222,0.076,218,0.075,228,0.081,222,0.073,218,0.059,217,0.069,237,0.067,235,0.066,243,0.085,240,0.078,236,0.070,234,0.070,241,0.074,246,0.067,248,0.066,253,0.069,254,0.065,259,0.049,264,0.060,282,0.046,289,0.069,307,0.071,308,0.066,305,0.038,275,0.195,180,0.576,181,0.638,180,0.544,191,0.418,196,0.198,212,0.134,231,0.109,238,0.100,248,0.122,239,0.114,238,0.132,242,0.106,248,0.096,241,0.099,254,0.093,240
<FINISH>
   12,25,08,18,08,38,13,53,0.27,12.10,61.0,21052.000,0.34,6.90,18.0,53,0.100,269,0.102,256,0.097,260,0.099,259,0.097,260,0.101,256,0.108,254,0.104,259,0.102,262,0.106,258,0.098,258,0.096,260,0.094,260,0.100,262,0.085,265,0.087,269,0.083,271,0.067,287,0.064,279,0.058,288,0.064,294,0.046,281,0.054,277,0.054,286,0.045,301,0.047,301,0.064,303,0.048,300,0.042,297,0.048,280,0.044,271,0.056,268,0.038,256,0.054,254,0.055,255,0.060,264,0.077,259,0.146,193,0.419,199,0.323,199,0.289,205,0.239,197,0.141,206,0.088,215,0.077,212,0.083,216,0.062,211,0.080,211,0.057,212,0.078,227,0.074,196,0.055,201,0.050,187
<FINISH>
   13,25,08,18,08,58,13,54,0.26,12.10,337.0,21092.000,0.33,6.70,341.0,53,0.069,271,0.091,274,0.074,266,0.073,255,0.074,259,0.077,257,0.081,248,0.086,247,0.084,245,0.087,236,0.085,236,0.078,243,0.082,243,0.088,238,0.085,238,0.081,242,0.073,240,0.080,236,0.076,235,0.067,237,0.067,242,0.059,249,0.066,260,0.054,265,0.043,259,0.038,276,0.038,300,0.032,296,0.039,293,0.032,300,0.037,304,0.048,296,0.041,290,0.026,286,0.038,297,0.050,273,0.049,232,0.146,200,0.451,203,0.588,205,0.573,209,0.433,209,0.197,213,0.123,229,0.100,236,0.097,228,0.094,247,0.087,241,0.106,236,0.100,247,0.088,250,0.069,234,0.090,233
<FINISH>
   14,25,08,18,09,18,13,56,0.23,12.10,128.0,21149.000,0.29,4.70,66.0,53,0.067,272,0.073,263,0.077,266,0.072,263,0.076,259,0.074,254,0.066,249,0.064,240,0.068,243,0.065,248,0.071,243,0.062,239,0.067,240,0.074,233,0.078,247,0.062,239,0.071,242,0.061,245,0.070,239,0.072,241,0.059,245,0.066,250,0.064,247,0.051,258,0.056,266,0.053,276,0.056,268,0.060,289,0.052,288,0.040,297,0.051,298,0.056,308,0.049,315,0.036,314,0.038,302,0.047,294,0.039,285,0.148,205,0.417,205,0.626,211,0.570,218,0.506,212,0.310,212,0.193,214,0.156,231,0.126,241,0.118,238,0.127,239,0.139,239,0.129,230,0.093,237,0.102,244,0.100,236
<FINISH>
   15,25,08,18,09,38,13,57,0.25,11.10,349.0,21208.000,0.32,6.70,8.0,53,0.062,184,0.061,175,0.049,188,0.043,179,0.043,192,0.051,182,0.031,195,0.024,210,0.019,223,0.030,217,0.036,243,0.030,255,0.026,254,0.023,241,0.035,254,0.054,261,0.040,270,0.054,276,0.034,285,0.037,273,0.036,276,0.028,297,0.048,274,0.063,281,0.066,261,0.071,269,0.070,264,0.061,271,0.073,281,0.071,279,0.075,293,0.078,298,0.061,303,0.052,320,0.073,326,0.077,331,0.078,334,0.149,192,0.456,203,0.682,219,0.635,216,0.577,209,0.343,208,0.250,212,0.168,217,0.152,216,0.137,229,0.102,234,0.109,239,0.099,240,0.096,239,0.087,247,0.081,266
<FINISH>
   16,25,08,18,09,58,13,58,0.21,12.10,354.0,21251.000,0.27,6.50,359.0,53,0.042,169,0.038,180,0.046,173,0.059,167,0.065,177,0.061,167,0.049,174,0.040,179,0.050,197,0.029,194,0.026,201,0.019,234,0.018,236,0.018,207,0.029,224,0.028,240,0.021,247,0.028,266,0.023,260,0.050,260,0.064,261,0.054,253,0.061,261,0.057,259,0.041,269,0.047,257,0.050,264,0.044,262,0.069,268,0.066,281,0.066,283,0.065,277,0.072,290,0.065,295,0.057,313,0.068,329,0.066,318,0.115,204,0.354,200,0.576,207,0.431,217,0.359,206,0.144,226,0.116,238,0.118,239,0.138,236,0.134,231,0.146,233,0.156,228,0.154,236,0.105,231,0.127,234,0.115,235
<FINISH>
   17,25,08,18,10,18,13,59,0.23,13.40,327.0,21296.000,0.29,5.70,304.0,53,0.005,202,0.035,167,0.033,177,0.033,183,0.040,187,0.037,174,0.034,190,0.037,171,0.035,187,0.036,196,0.027,193,0.037,207,0.040,207,0.035,243,0.034,212,0.033,227,0.036,238,0.037,235,0.049,255,0.036,252,0.044,246,0.041,264,0.036,261,0.051,260,0.053,261,0.051,266,0.050,270,0.060,270,0.069,272,0.057,278,0.063,283,0.052,288,0.061,286,0.059,316,0.063,335,0.071,335,0.059,326,0.115,198,0.371,201,0.599,201,0.496,209,0.400,204,0.181,212,0.058,252,0.066,261,0.064,270,0.054,260,0.073,247,0.091,238,0.093,244,0.092,234,0.084,228,0.078,222
<FINISH>
   18,25,08,18,10,38,13,60,0.23,14.90,1.0,21343.000,0.30,5.60,29.0,53,0.007,164,0.016,195,0.012,215,0.024,187,0.035,175,0.035,185,0.035,196,0.041,190,0.033,200,0.029,186,0.033,182,0.024,180,0.021,199,0.025,185,0.021,219,0.038,203,0.025,198,0.027,202,0.023,218,0.026,239,0.033,249,0.045,238,0.042,251,0.046,243,0.041,244,0.048,260,0.050,245,0.049,253,0.052,259,0.051,262,0.036,281,0.042,280,0.049,278,0.041,283,0.045,310,0.061,330,0.059,343,0.093,196,0.322,195,0.626,199,0.513,206,0.409,201,0.270,202,0.144,216,0.114,222,0.107,234,0.119,222,0.112,227,0.123,220,0.126,223,0.114,223,0.101,222,0.078,220
<FINISH>
   19,25,08,18,10,58,13,61,0.26,12.10,329.0,21371.000,0.33,6.60,346.0,53,0.017,332,0.008,330,0.011,265,0.012,215,0.016,176,0.034,182,0.048,169,0.049,187,0.048,172,0.052,193,0.058,191,0.055,182,0.040,179,0.055,186,0.046,179,0.041,193,0.036,203,0.029,176,0.015,160,0.025,180,0.017,187,0.014,205,0.012,265,0.007,164,0.004,236,0.016,310,0.021,315,0.036,294,0.040,276,0.051,276,0.053,269,0.052,273,0.049,272,0.056,285,0.037,299,0.073,326,0.088,332,0.061,181,0.321,191,0.604,182,0.520,192,0.458,193,0.328,185,0.153,198,0.085,228,0.079,244,0.105,225,0.139,219,0.128,220,0.134,217,0.120,206,0.098,198,0.084,205
<FINISH>
   20,25,08,18,11,18,13,62,0.26,12.10,359.0,21393.000,0.32,7.00,358.0,53,0.033,261,0.029,254,0.020,261,0.019,276,0.035,270,0.026,230,0.034,240,0.040,229,0.041,231,0.039,216,0.041,196,0.031,220,0.029,248,0.025,225,0.023,195,0.033,209,0.021,223,0.012,235,0.019,177,0.022,162,0.004,236,0.016,207,0.017,193,0.019,189,0.019,196,0.025,207,0.034,206,0.019,231,0.029,235,0.033,235,0.045,222,0.042,223,0.022,223,0.015,307,0.022,350,0.060,342,0.085,344,0.056,171,0.293,177,0.537,175,0.512,179,0.372,185,0.111,188,0.050,280,0.069,316,0.034,300,0.057,228,0.097,191,0.133,195,0.127,195,0.118,188,0.133,176,0.119,166
<FINISH>
   21,25,08,18,11,38,13,63,0.26,10.20,1.0,21396.000,0.34,5.50,335.0,53,0.024,255,0.024,258,0.021,251,0.027,274,0.033,265,0.031,281,0.021,253,0.022,283,0.028,266,0.030,291,0.036,272,0.023,260,0.027,262,0.021,281,0.015,247,0.011,243,0.016,255,0.020,177,0.017,201,0.009,243,0.005,202,0.027,253,0.023,236,0.016,230,0.022,212,0.025,217,0.024,208,0.033,218,0.043,209,0.041,218,0.048,222,0.049,215,0.049,225,0.047,253,0.023,270,0.031,318,0.048,347,0.069,164,0.285,177,0.527,181,0.460,191,0.373,196,0.089,210,0.040,312,0.046,327,0.037,283,0.033,247,0.066,200,0.097,200,0.104,202,0.102,194,0.093,189,0.079,189
<FINISH>
   22,25,08,18,11,58,13,64,0.28,13.40,349.0,21415.000,0.35,5.70,349.0,53,0.022,288,0.014,282,0.024,279,0.025,318,0.019,309,0.016,270,0.023,293,0.022,294,0.015,262,0.014,300,0.012,279,0.007,286,0.001,225,0.004,146,0.002,  0,0.017,216,0.017,156,0.018,167,0.024,171,0.021,169,0.025,175,0.034,188,0.028,188,0.036,182,0.038,186,0.041,179,0.045,197,0.038,209,0.036,208,0.045,202,0.051,201,0.057,209,0.051,201,0.029,215,0.026,238,0.019,249,0.031,333,0.059,160,0.315,166,0.565,168,0.430,164,0.328,160,0.152,184,0.029,202,0.042,252,0.053,236,0.080,190,0.112,179,0.128,186,0.133,177,0.145,179,0.131,165,0.123,156
<FINISH>
   23,25,08,18,12,18,13,65,0.24,14.90,357.0,21406.000,0.30,5.40,15.0,53,0.065,313,0.053,314,0.040,310,0.039,307,0.042,318,0.035,313,0.025,293,0.022,291,0.022,321,0.017,306,0.015, 16,0.012,312,0.010, 53,0.004,146,0.021,185,0.026,182,0.034,180,0.036,162,0.049,168,0.041,177,0.050,181,0.062,179,0.065,191,0.072,183,0.064,176,0.060,186,0.064,193,0.068,190,0.061,189,0.056,199,0.057,186,0.030,213,0.038,213,0.038,223,0.014,245,0.019,291,0.039,337,0.087,174,0.298,165,0.407,164,0.136,177,0.100,174,0.019,205,0.035,338,0.036,357,0.034,278,0.034,225,0.089,225,0.093,210,0.093,207,0.092,203,0.112,197,0.094,188
<FINISH>
   24,25,08,18,12,38,13,66,0.23,16.90,348.0,21390.000,0.29,6.30,4.0,53,0.073,326,0.068,320,0.064,319,0.050,322,0.039,322,0.045,316,0.021,329,0.004,117,0.011,139,0.010,169,0.017,190,0.029,174,0.038,182,0.051,189,0.061,171,0.062,171,0.058,163,0.070,170,0.073,172,0.070,172,0.072,170,0.065,170,0.083,165,0.075,178,0.092,176,0.074,178,0.076,177,0.075,186,0.076,176,0.063,165,0.048,167,0.031,187,0.028,212,0.014,266,0.011, 10,0.021,  0,0.041,344,0.078,149,0.283,166,0.484,173,0.314,197,0.240,192,0.092,186,0.026,281,0.034,307,0.033,273,0.038,180,0.069,192,0.082,183,0.070,197,0.084,180,0.072,168,0.088,173
<FINISH>
   25,25,08,18,12,58,13,67,0.32,16.90,161.0,21364.000,0.40,8.00,70.0,53,0.010, 37,0.006,121,0.006,219,0.010,270,0.004,153,0.014,253,0.012,189,0.009,167,0.011,190,0.028,135,0.038,157,0.034,173,0.021,163,0.021,149,0.030,174,0.030,143,0.047,155,0.035,141,0.047,163,0.044,162,0.060,157,0.050,155,0.042,162,0.058,168,0.047,164,0.038,162,0.038,165,0.033,183,0.027,180,0.031,202,0.033,177,0.043,209,0.026,233,0.026,291,0.034,307,0.043,338,0.079,339,0.060,156,0.310,173,0.353,184,0.156,170,0.063,153,0.005,  0,0.046,309,0.032,306,0.014,231,0.034,203,0.049,186,0.071,192,0.061,196,0.084,179,0.067,177,0.068,159
<FINISH>
   26,25,08,18,13,18,13,68,0.23,13.40,273.0,21318.000,0.29,5.90,301.0,53,0.033,319,0.038,323,0.029,346,0.028,315,0.024,338,0.019,302,0.018,270,0.013,222,0.016,270,0.009,243,0.010,209,0.013,141,0.012,175,0.025,157,0.033,162,0.027,174,0.041,146,0.040,160,0.030,156,0.042,179,0.033,157,0.033,157,0.035,162,0.041,172,0.055,168,0.059,169,0.063,180,0.045,192,0.048,175,0.045,185,0.044,200,0.025,217,0.027,211,0.022,207,0.030,253,0.028,287,0.053,335,0.074,179,0.274,162,0.510,158,0.413,171,0.267,183,0.098,188,0.062,220,0.034,230,0.035,207,0.058,199,0.085,204,0.069,188,0.073,193,0.064,195,0.066,173,0.059,172
<FINISH>
   27,25,08,18,13,38,13,70,0.28,13.40,354.0,21284.000,0.36,6.60,0.0,53,0.002,243,0.008,225,0.012,194,0.017,177,0.019,198,0.021,215,0.019,201,0.019,216,0.022,214,0.014,225,0.019,186,0.017,170,0.019,189,0.030,221,0.015,203,0.014,205,0.014,216,0.009,221,0.009,291,0.005,202,0.004, 34,0.002,117,0.024,195,0.036,193,0.046,191,0.037,197,0.041,198,0.055,205,0.065,205,0.057,216,0.039,201,0.044,211,0.042,218,0.040,231,0.016,297,0.037,319,0.046,331,0.105,161,0.326,167,0.475,169,0.409,174,0.315,184,0.117,206,0.051,273,0.071,292,0.051,247,0.060,216,0.066,212,0.077,207,0.068,195,0.074,193,0.068,192,0.070,189
<FINISH>
   28,25,08,18,13,58,13,71,0.26,11.10,345.0,21231.000,0.33,6.60,334.0,53,0.018,276,0.013,257,0.027,297,0.032,277,0.034,253,0.027,248,0.029,256,0.026,268,0.035,252,0.028,274,0.042,285,0.020,259,0.030,270,0.030,287,0.024,272,0.029,272,0.021,259,0.021,235,0.042,215,0.034,216,0.028,221,0.036,216,0.037,226,0.046,202,0.047,198,0.064,202,0.051,209,0.057,199,0.052,210,0.056,218,0.052,220,0.037,224,0.026,245,0.032,248,0.021,273,0.039,296,0.047,335,0.121,170,0.351,173,0.440,159,0.215,187,0.192,188,0.065,184,0.041,280,0.048,263,0.072,225,0.086,210,0.086,227,0.113,224,0.097,209,0.112,213,0.093,212,0.087,191
<FINISH>
   29,25,08,18,14,18,13,72,0.24,14.90,357.0,21188.000,0.30,6.90,345.0,53,0.048,283,0.042,280,0.046,289,0.051,281,0.052,282,0.049,268,0.039,291,0.035,288,0.027,297,0.041,306,0.035,325,0.031,324,0.019,309,0.013,257,0.024,225,0.023,221,0.025,212,0.032,215,0.037,185,0.046,193,0.042,188,0.042,201,0.058,215,0.058,207,0.054,209,0.061,214,0.062,213,0.069,217,0.062,222,0.052,223,0.044,237,0.037,253,0.013,219,0.026,299,0.043,322,0.047,335,0.046,341,0.118,163,0.370,160,0.474,159,0.335,159,0.230,164,0.104,162,0.045,207,0.057,265,0.063,239,0.078,246,0.094,228,0.104,216,0.110,210,0.106,211,0.099,206,0.086,205
<FINISH>
   30,25,08,18,14,38,13,73,0.33,11.10,329.0,21122.000,0.42,6.90,322.0,53,0.024,216,0.012,175,0.016,218,0.021,256,0.017,149,0.019,227,0.023,247,0.022,257,0.007,188,0.006,261,0.017,301,0.013,279,0.023,293,0.036,275,0.019,273,0.017,280,0.021,262,0.022,304,0.025,261,0.023,257,0.027,231,0.028,260,0.034,242,0.032,219,0.038,245,0.041,229,0.043,230,0.044,234,0.050,228,0.052,246,0.050,256,0.050,268,0.046,256,0.063,274,0.048,287,0.039,283,0.037,313,0.189,151,0.435,157,0.506,154,0.457,145,0.305,144,0.107,165,0.038,157,0.050,172,0.068,148,0.085,129,0.096,141,0.100,150,0.105,137,0.108,139,0.091,144,0.092,151
<FINISH>
   31,25,08,18,14,58,13,74,0.33,16.90,358.0,21063.000,0.41,6.70,44.0,53,0.017,294,0.026,286,0.028,285,0.031,291,0.019,286,0.028,305,0.021,313,0.022,324,0.032,325,0.024,308,0.030,351,0.023,322,0.009,333,0.022,306,0.018,270,0.023,280,0.032,236,0.036,252,0.031,243,0.045,243,0.051,213,0.059,213,0.051,218,0.050,220,0.058,228,0.053,232,0.056,229,0.057,235,0.051,239,0.051,241,0.042,260,0.038,255,0.028,276,0.044,270,0.044,279,0.042,291,0.014,266,0.143,154,0.401,149,0.321,150,0.161,151,0.088,173,0.055,209,0.040,199,0.060,198,0.080,215,0.079,211,0.084,204,0.090,206,0.064,202,0.062,199,0.047,184,0.044,189
<FINISH>
   32,25,08,18,15,18,13,75,0.23,12.10,345.0,20970.000,0.30,5.00,349.0,53,0.034,337,0.042,322,0.030,343,0.039,330,0.042,336,0.032,346,0.031,329,0.031,312,0.032,305,0.030,282,0.021,242,0.027,236,0.028,219,0.033,227,0.028,235,0.039,201,0.034,206,0.046,213,0.060,221,0.064,217,0.065,217,0.071,227,0.074,213,0.080,224,0.071,224,0.071,224,0.064,228,0.063,237,0.062,256,0.057,239,0.062,238,0.054,246,0.040,261,0.040,254,0.038,258,0.025,275,0.043,183,0.184,164,0.354,175,0.109,195,0.024,197,0.014, 12,0.010,217,0.038,231,0.053,219,0.070,222,0.069,217,0.073,218,0.067,226,0.060,220,0.052,226,0.057,218,0.054,225
<FINISH>
   33,25,08,18,15,38,13,77,0.29,16.90,355.0,20931.000,0.37,5.30,347.0,53,0.034,204,0.035,205,0.020,261,0.018,276,0.018,279,0.021,262,0.027,283,0.036,280,0.032,270,0.032,244,0.038,256,0.038,243,0.044,242,0.034,247,0.033,231,0.039,217,0.045,227,0.064,226,0.045,228,0.065,234,0.067,215,0.065,221,0.068,223,0.082,224,0.076,223,0.068,234,0.072,241,0.072,234,0.068,242,0.076,246,0.051,243,0.049,256,0.048,265,0.047,287,0.033,290,0.038,293,0.061,177,0.169,151,0.249,158,0.038,213,0.027,318,0.028,333,0.030,290,0.024,300,0.032,263,0.037,234,0.056,258,0.061,243,0.047,242,0.059,243,0.067,234,0.057,246,0.056,227
<FINISH>
   34,25,08,18,15,58,13,78,0.29,11.10,310.0,20860.000,0.37,4.80,293.0,53,0.059,197,0.067,186,0.065,179,0.060,175,0.068,183,0.061,183,0.043,181,0.051,182,0.054,192,0.046,214,0.029,239,0.027,262,0.033,247,0.035,273,0.029,245,0.028,283,0.038,273,0.038,273,0.034,263,0.042,249,0.038,258,0.041,262,0.036,280,0.036,260,0.050,251,0.041,250,0.055,263,0.053,265,0.061,266,0.052,255,0.061,246,0.056,259,0.058,279,0.054,280,0.057,298,0.060,302,0.050,136,0.173,136,0.309,142,0.140,135,0.072,183,0.036,261,0.023,260,0.054,277,0.078,280,0.071,268,0.066,276,0.080,262,0.068,264,0.050,249,0.064,240,0.063,245,0.059,240
<FINISH>
   35,25,08,18,16,18,13,79,0.27,3.40,8.0,20835.000,0.34,5.40,356.0,53,0.047,232,0.057,234,0.058,219,0.066,231,0.062,235,0.051,239,0.050,251,0.048,243,0.051,259,0.051,261,0.052,263,0.064,262,0.072,273,0.070,265,0.070,261,0.071,268,0.095,257,0.081,254,0.077,248,0.070,252,0.089,261,0.077,250,0.080,257,0.085,256,0.082,252,0.086,251,0.080,264,0.072,273,0.062,268,0.048,280,0.050,292,0.036,306,0.043,318,0.051,321,0.047,344,0.042,329,0.053,165,0.124,167,0.055,316,0.053,320,0.007,  8,0.037, 54,0.020, 30,0.031,358,0.020,349,0.031,353,0.034,326,0.029,331,0.043,298,0.043,310,0.054,294,0.042,292,0.042,326
<FINISH>
   36,25,08,18,16,38,13,80,0.27,13.40,7.0,20777.000,0.34,5.10,23.0,53,0.052,299,0.049,297,0.049,284,0.050,279,0.060,264,0.051,280,0.053,265,0.050,265,0.056,263,0.050,262,0.056,271,0.049,277,0.072,268,0.060,262,0.064,257,0.075,262,0.080,248,0.087,249,0.078,240,0.083,248,0.088,247,0.082,242,0.081,251,0.067,255,0.072,246,0.063,255,0.068,253,0.051,253,0.056,255,0.055,263,0.046,256,0.049,259,0.041,267,0.043,277,0.030,290,0.031,261,0.070,169,0.144,170,0.127,239,0.077,238,0.026,239,0.016,243,0.012,275,0.034,256,0.030,247,0.043,229,0.045,253,0.034,255,0.042,262,0.047,265,0.062,259,0.054,247,0.056,258
<FINISH>
   37,25,08,18,16,58,13,81,0.25,3.50,316.0,20752.000,0.32,4.50,274.0,53,0.084,308,0.077,301,0.078,302,0.076,297,0.067,285,0.062,286,0.062,273,0.077,280,0.064,284,0.072,273,0.074,279,0.079,268,0.072,264,0.086,267,0.083,257,0.092,246,0.095,249,0.097,249,0.101,254,0.094,250,0.096,252,0.096,247,0.081,251,0.084,256,0.064,247,0.062,245,0.067,263,0.063,255,0.063,255,0.067,262,0.064,268,0.059,290,0.060,291,0.056,293,0.065,304,0.058,311,0.082,174,0.142,184,0.124,257,0.101,262,0.061,250,0.044,250,0.050,241,0.029,274,0.034,263,0.050,258,0.024,234,0.039,241,0.054,256,0.053,250,0.056,246,0.040,238,0.026,252
<FINISH>
   38,25,08,18,17,18,13,82,0.25,13.40,346.0,20720.000,0.32,5.10,357.0,53,0.070,330,0.077,310,0.073,302,0.072,298,0.073,287,0.070,293,0.084,277,0.072,278,0.078,270,0.070,272,0.081,269,0.082,265,0.087,259,0.084,267,0.091,266,0.089,250,0.087,253,0.087,253,0.087,248,0.083,236,0.082,243,0.080,235,0.090,237,0.097,238,0.098,239,0.095,240,0.079,246,0.074,246,0.062,249,0.071,248,0.071,261,0.059,265,0.058,272,0.041,301,0.055,305,0.038,263,0.103,190,0.400,199,0.635,205,0.630,211,0.537,206,0.398,200,0.214,202,0.110,217,0.081,237,0.062,239,0.081,233,0.082,228,0.081,239,0.098,235,0.081,240,0.077,245,0.073,248
<FINISH>
   39,25,08,18,17,38,13,84,0.26,13.40,333.0,20694.000,0.33,5.40,343.0,53,0.079,312,0.081,302,0.080,290,0.083,286,0.084,280,0.089,277,0.086,264,0.080,260,0.073,264,0.078,254,0.090,251,0.093,256,0.083,252,0.089,248,0.085,240,0.087,238,0.089,243,0.097,243,0.090,241,0.093,237,0.081,241,0.085,244,0.096,238,0.083,236,0.087,234,0.096,236,0.099,236,0.084,242,0.081,253,0.078,251,0.056,260,0.056,271,0.057,261,0.053,284,0.051,315,0.021,298,0.124,187,0.438,199,0.592,200,0.556,203,0.433,201,0.306,203,0.236,204,0.132,207,0.082,213,0.087,227,0.084,245,0.093,232,0.099,219,0.096,217,0.096,223,0.079,217,0.074,222
<FINISH>
   40,25,08,18,17,58,13,85,0.26,11.10,348.0,20647.000,0.34,5.50,290.0,53,0.086,277,0.087,280,0.078,269,0.083,260,0.081,262,0.090,250,0.085,256,0.088,253,0.083,249,0.089,241,0.076,233,0.084,239,0.084,228,0.092,236,0.087,237,0.090,231,0.091,243,0.091,233,0.099,234,0.087,240,0.090,241,0.103,234,0.092,239,0.093,240,0.086,238,0.096,236,0.098,237,0.084,243,0.083,245,0.069,252,0.084,258,0.082,264,0.069,277,0.064,293,0.060,306,0.062,302,0.157,185,0.552,195,0.654,201,0.525,205,0.383,200,0.257,195,0.177,191,0.114,192,0.102,209,0.109,209,0.122,203,0.132,209,0.109,208,0.103,206,0.099,210,0.090,218,0.043,199
<FINISH>
   41,25,08,18,18,18,13,86,0.28,16.90,344.0,20610.000,0.35,4.90,359.0,53,0.083,273,0.091,278,0.093,266,0.079,264,0.081,264,0.089,260,0.090,260,0.077,257,0.083,242,0.074,244,0.078,251,0.092,243,0.085,243,0.091,244,0.082,246,0.081,239,0.088,243,0.082,242,0.090,241,0.090,243,0.100,239,0.088,247,0.087,239,0.085,241,0.096,244,0.093,248,0.102,251,0.094,255,0.088,252,0.081,251,0.071,265,0.082,266,0.066,272,0.051,281,0.049,305,0.037,349,0.143,188,0.476,187,0.621,193,0.529,197,0.368,195,0.244,202,0.208,210,0.096,230,0.036,203,0.107,201,0.151,213,0.126,217,0.107,213,0.096,227,0.083,214,0.062,223,0.055,232
<FINISH>
   42,25,08,18,18,38,13,87,0.28,3.60,323.0,20587.000,0.36,4.60,310.0,53,0.050,269,0.055,265,0.069,270,0.070,273,0.071,268,0.084,271,0.082,259,0.082,262,0.083,256,0.077,247,0.077,247,0.084,242,0.084,246,0.080,243,0.084,244,0.079,238,0.087,236,0.085,240,0.082,235,0.076,247,0.091,235,0.087,236,0.099,240,0.090,238,0.090,243,0.094,250,0.090,249,0.088,249,0.078,257,0.076,269,0.073,269,0.061,276,0.052,287,0.060,294,0.077,306,0.040,260,0.167,176,0.442,181,0.403,186,0.381,195,0.255,188,0.192,191,0.144,200,0.105,218,0.087,226,0.102,223,0.115,214,0.117,208,0.118,210,0.091,217,0.075,229,0.076,234,0.070,245
<FINISH>
   43,25,08,18,18,58,13,88,0.28,11.10,338.0,20581.000,0.36,4.80,7.0,53,0.040,237,0.048,240,0.058,253,0.049,257,0.061,265,0.057,261,0.068,264,0.070,261,0.060,252,0.062,254,0.062,254,0.068,241,0.065,241,0.061,237,0.067,242,0.064,248,0.068,241,0.062,243,0.063,245,0.061,246,0.068,252,0.075,245,0.067,234,0.081,242,0.074,233,0.078,248,0.077,247,0.060,255,0.065,256,0.064,270,0.058,276,0.052,279,0.059,284,0.050,290,0.049,293,0.027,170,0.151,170,0.445,173,0.537,175,0.471,178,0.340,178,0.205,189,0.106,197,0.084,213,0.075,224,0.069,230,0.091,223,0.086,213,0.091,222,0.103,214,0.094,207,0.084,197,0.080,209
<FINISH>
   44,25,08,18,19,18,13,89,0.27,11.10,340.0,20583.000,0.34,5.30,13.0,53,0.022,254,0.035,254,0.039,246,0.041,256,0.051,261,0.056,264,0.049,266,0.048,272,0.056,258,0.057,252,0.053,251,0.058,250,0.053,251,0.052,238,0.051,247,0.054,241,0.043,236,0.047,230,0.060,240,0.074,242,0.058,228,0.067,232,0.058,235,0.059,233,0.052,223,0.062,230,0.048,229,0.055,235,0.057,245,0.052,257,0.044,267,0.042,275,0.047,275,0.049,277,0.054,274,0.047,201,0.173,151,0.520,154,0.574,155,0.548,163,0.386,167,0.322,172,0.210,183,0.125,200,0.096,221,0.093,224,0.102,195,0.097,190,0.095,184,0.106,187,0.111,177,0.095,184,0.077,165
<FINISH>
   45,25,08,18,19,38,13,90,0.32,3.50,324.0,20604.000,0.41,4.60,316.0,53,0.047,283,0.055,289,0.046,271,0.050,250,0.041,259,0.052,246,0.043,242,0.050,232,0.049,234,0.057,222,0.052,230,0.059,225,0.055,235,0.056,230,0.052,235,0.058,225,0.065,221,0.065,217,0.056,226,0.059,231,0.044,229,0.063,227,0.049,217,0.058,232,0.054,223,0.045,238,0.045,223,0.037,227,0.032,242,0.033,207,0.038,205,0.031,218,0.047,216,0.032,196,0.030,195,0.096,176,0.176,144,0.468,150,0.604,152,0.592,152,0.416,161,0.301,167,0.213,171,0.144,171,0.069,182,0.060,133,0.103,164,0.128,177,0.123,172,0.126,168,0.122,160,0.106,164,0.096,153
<FINISH>
   46,25,08,18,19,58,13,91,0.29,3.40,326.0,20604.000,0.37,4.50,332.0,53,0.029,214,0.035,211,0.037,218,0.039,230,0.041,236,0.036,240,0.039,264,0.042,258,0.031,251,0.041,229,0.044,242,0.035,245,0.054,248,0.038,240,0.044,243,0.041,234,0.036,228,0.044,227,0.043,234,0.040,229,0.039,233,0.040,233,0.044,237,0.031,228,0.035,223,0.039,217,0.026,193,0.046,228,0.053,230,0.046,212,0.036,219,0.027,222,0.018,137,0.042,310,0.045,303,0.066,192,0.174,139,0.498,145,0.558,155,0.538,163,0.467,162,0.333,174,0.234,179,0.128,197,0.064,238,0.035,292,0.050,202,0.071,202,0.090,173,0.095,173,0.094,165,0.082,172,0.070,182
<FINISH>
   47,25,08,18,20,18,13,92,0.32,13.40,340.0,20615.000,0.40,4.50,304.0,53,0.040,194,0.035,200,0.038,209,0.043,204,0.037,186,0.043,208,0.032,231,0.027,222,0.035,243,0.021,241,0.035,252,0.041,271,0.038,264,0.035,263,0.035,255,0.040,257,0.047,245,0.046,250,0.048,239,0.052,241,0.063,241,0.064,242,0.069,246,0.060,236,0.069,234,0.067,246,0.066,235,0.069,240,0.072,241,0.058,234,0.047,245,0.035,260,0.034,249,0.036,283,0.022,309,0.054,264,0.170,150,0.454,155,0.560,161,0.567,166,0.457,178,0.377,181,0.293,190,0.166,193,0.128,216,0.123,213,0.124,206,0.125,200,0.112,183,0.096,179,0.095,170,0.077,160,0.100,179
<FINISH>
   48,25,08,18,20,38,13,93,0.30,3.50,337.0,20660.000,0.38,4.70,353.0,53,0.031,195,0.036,191,0.029,198,0.021,205,0.021,217,0.021,253,0.023,277,0.021,247,0.018,254,0.022,265,0.030,276,0.022,280,0.028,276,0.029,268,0.034,263,0.043,267,0.041,260,0.040,260,0.047,271,0.060,256,0.065,250,0.068,261,0.072,251,0.078,251,0.070,250,0.068,253,0.055,253,0.052,255,0.038,250,0.020,303,0.024,324,0.016,305,0.032,332,0.019,295,0.035,270,0.047,246,0.122,176,0.303,185,0.463,190,0.528,181,0.265,171,0.095,181,0.068,252,0.047,295,0.047,281,0.053,202,0.073,213,0.087,210,0.054,200,0.075,188,0.067,198,0.052,209,0.056,226
<FINISH>
   49,25,08,18,20,58,13,94,0.30,3.50,338.0,20720.000,0.38,4.80,350.0,53,0.011,202,0.005,307,0.009,339,0.015,270,0.010,287,0.016,274,0.028,266,0.028,270,0.036,260,0.028,262,0.027,255,0.040,267,0.039,258,0.036,259,0.035,263,0.053,269,0.063,265,0.065,269,0.064,257,0.059,253,0.057,257,0.084,254,0.088,251,0.085,251,0.081,249,0.091,253,0.081,256,0.078,249,0.082,253,0.055,256,0.044,249,0.034,262,0.025,275,0.023,263,0.033,256,0.053,233,0.125,190,0.389,188,0.604,200,0.566,205,0.362,205,0.211,203,0.134,204,0.120,224,0.156,215,0.134,208,0.183,203,0.174,211,0.126,205,0.133,210,0.100,206,0.093,223,0.084,221
<FINISH>
   50,25,08,18,21,18,13,95,0.31,14.90,340.0,20710.000,0.39,4.90,323.0,53,0.050,313,0.047,315,0.038,287,0.036,272,0.047,271,0.050,267,0.049,272,0.043,283,0.056,278,0.069,268,0.084,279,0.069,278,0.068,276,0.075,262,0.068,256,0.086,258,0.089,252,0.079,254,0.091,261,0.089,256,0.097,261,0.096,252,0.089,252,0.097,246,0.088,249,0.090,257,0.070,250,0.072,250,0.056,261,0.059,245,0.059,243,0.052,250,0.061,226,0.073,240,0.079,237,0.075,227,0.125,201,0.379,195,0.560,207,0.557,203,0.359,202,0.192,199,0.107,214,0.069,242,0.107,296,0.085,297,0.086,271,0.071,248,0.060,249,0.065,247,0.069,246,0.070,253,0.032,210
<FINISH>
   51,25,08,18,21,38,13,96,0.34,2.70,343.0,20750.000,0.43,4.50,352.0,53,0.064,323,0.080,320,0.088,317,0.077,309,0.089,302,0.086,306,0.083,298,0.093,282,0.090,277,0.090,271,0.103,271,0.095,275,0.096,273,0.108,266,0.107,264,0.098,257,0.106,256,0.096,257,0.087,249,0.093,246,0.082,248,0.088,249,0.091,253,0.090,258,0.086,259,0.106,255,0.090,253,0.096,265,0.112,265,0.106,261,0.086,273,0.063,257,0.063,243,0.070,239,0.063,233,0.070,233,0.122,198,0.423,193,0.635,199,0.611,194,0.437,198,0.318,188,0.235,199,0.088,217,0.120,208,0.178,214,0.192,223,0.188,219,0.127,223,0.097,237,0.076,224,0.069,253,0.057,267
<FINISH>
   52,25,08,18,21,58,13,97,0.29,3.10,175.0,20744.000,0.37,4.40,333.0,53,0.106,307,0.126,308,0.116,301,0.119,298,0.121,291,0.114,283,0.122,275,0.117,269,0.124,265,0.113,253,0.118,255,0.115,254,0.119,252,0.114,254,0.117,250,0.105,251,0.099,240,0.112,236,0.098,239,0.093,235,0.082,239,0.070,233,0.089,236,0.083,236,0.082,230,0.078,231,0.080,238,0.081,237,0.076,233,0.071,235,0.080,237,0.071,247,0.092,243,0.076,233,0.090,226,0.085,243,0.101,204,0.286,194,0.588,193,0.583,195,0.411,197,0.293,195,0.167,196,0.084,197,0.032,256,0.033,277,0.030,  0,0.020,297,0.028,231,0.049,253,0.048,249,0.058,253,0.051,260
<FINISH>
   53,25,08,18,22,18,13,98,0.31,12.10,342.0,20771.000,0.40,4.80,339.0,53,0.113,295,0.097,286,0.095,265,0.107,260,0.112,262,0.100,262,0.101,249,0.106,246,0.106,246,0.101,243,0.104,252,0.106,246,0.108,247,0.099,255,0.102,241,0.089,251,0.095,247,0.088,240,0.096,248,0.079,241,0.085,246,0.085,245,0.078,242,0.089,241,0.082,234,0.087,239,0.084,232,0.073,235,0.082,224,0.079,231,0.080,233,0.076,236,0.072,236,0.074,243,0.066,232,0.064,256,0.076,196,0.242,183,0.539,183,0.553,181,0.422,184,0.293,185,0.157,199,0.081,225,0.051,257,0.131,288,0.106,288,0.104,270,0.086,264,0.059,257,0.088,270,0.064,244,0.051,225
<FINISH>
   54,25,08,18,22,38,13,99,0.28,16.90,80.0,20778.000,0.35,4.60,50.0,53,0.092,271,0.101,266,0.094,261,0.097,263,0.105,265,0.112,258,0.109,258,0.105,247,0.102,254,0.109,251,0.099,248,0.087,248,0.093,249,0.084,247,0.088,245,0.088,253,0.088,241,0.086,252,0.080,250,0.088,252,0.080,261,0.074,257,0.082,251,0.082,248,0.079,247,0.083,256,0.077,246,0.060,231,0.050,227,0.074,222,0.086,235,0.084,233,0.080,217,0.105,225,0.117,215,0.104,210,0.109,191,0.222,171,0.474,164,0.511,168,0.359,173,0.191,188,0.137,204,0.108,208,0.095,225,0.103,245,0.080,262,0.130,233,0.094,239,0.093,238,0.076,224,0.080,232,0.078,257
<FINISH>
   55,25,08,18,22,58,14,00,0.31,14.90,337.0,20807.000,0.40,4.60,12.0,53,0.079,252,0.081,247,0.083,250,0.085,240,0.085,243,0.089,245,0.093,249,0.085,249,0.087,247,0.088,246,0.084,248,0.076,244,0.080,245,0.087,243,0.070,252,0.089,252,0.082,245,0.059,237,0.069,246,0.064,242,0.062,238,0.058,224,0.067,235,0.079,235,0.074,229,0.075,236,0.076,230,0.080,230,0.065,229,0.075,228,0.080,232,0.074,223,0.064,225,0.069,221,0.076,215,0.080,218,0.079,193,0.148,167,0.298,177,0.478,168,0.347,167,0.184,163,0.118,184,0.096,184,0.067,220,0.013,266,0.030,307,0.051,318,0.041,  0,0.048, 47,0.035, 40,0.030, 81,0.016, 68
<FINISH>
   56,25,08,18,23,18,14,01,0.35,11.10,8.0,20823.000,0.44,4.50,25.0,53,0.069,247,0.077,248,0.074,247,0.071,242,0.079,250,0.072,246,0.071,253,0.077,257,0.086,253,0.085,253,0.087,257,0.081,259,0.076,256,0.072,250,0.078,256,0.066,252,0.064,246,0.068,245,0.064,245,0.071,252,0.054,254,0.052,244,0.065,251,0.060,251,0.066,244,0.058,236,0.056,243,0.066,234,0.073,241,0.070,238,0.076,251,0.085,240,0.074,241,0.074,246,0.088,248,0.084,236,0.063,201,0.193,175,0.397,178,0.510,171,0.382,173,0.229,177,0.134,197,0.100,215,0.074,228,0.069,245,0.066,217,0.084,218,0.096,225,0.112,202,0.093,208,0.083,210,0.042,210
<FINISH>
   57,25,08,18,23,38,14,02,0.32,12.10,0.0,20834.000,0.40,4.50,31.0,53,0.075,224,0.085,223,0.077,228,0.079,232,0.080,231,0.082,234,0.069,239,0.070,243,0.068,248,0.067,253,0.086,257,0.083,250,0.085,258,0.087,261,0.080,258,0.082,260,0.086,256,0.088,262,0.101,265,0.085,267,0.088,268,0.088,282,0.081,274,0.082,273,0.076,265,0.078,270,0.075,272,0.079,269,0.064,273,0.065,261,0.075,257,0.071,251,0.065,245,0.062,248,0.061,251,0.056,250,0.045,205,0.191,165,0.347,179,0.458,168,0.361,187,0.155,172,0.099,182,0.052,225,0.049,270,0.073,249,0.066,216,0.083,220,0.071,208,0.060,209,0.042,210,0.054,195,0.065,207
<FINISH>
   58,25,08,18,23,58,14,03,0.33,14.90,328.0,20855.000,0.42,5.20,348.0,53,0.090,186,0.094,183,0.091,195,0.075,195,0.074,194,0.085,194,0.071,203,0.068,207,0.063,219,0.061,235,0.062,239,0.064,256,0.079,272,0.071,272,0.077,266,0.075,279,0.081,282,0.086,274,0.085,273,0.078,277,0.071,277,0.084,277,0.086,278,0.086,281,0.085,282,0.089,278,0.098,264,0.096,283,0.093,287,0.097,281,0.091,285,0.096,288,0.089,297,0.062,298,0.049,299,0.047,295,0.055,205,0.229,185,0.419,189,0.310,190,0.271,195,0.077,198,0.023,320,0.017,327,0.047,162,0.051,181,0.049,179,0.037,189,0.083,178,0.052,196,0.054,190,0.060,199,0.023,230
<FINISH>
   59,25,08,19,00,18,14,04,0.32,14.90,344.0,20893.000,0.41,4.60,7.0,53,0.051,257,0.050,248,0.059,250,0.065,253,0.064,253,0.069,247,0.075,254,0.068,246,0.073,240,0.072,241,0.072,252,0.072,244,0.080,246,0.075,251,0.072,250,0.075,257,0.067,255,0.074,250,0.075,252,0.080,248,0.086,258,0.089,257,0.088,260,0.080,258,0.079,259,0.084,253,0.087,261,0.074,262,0.062,265,0.067,268,0.054,264,0.045,267,0.046,271,0.046,269,0.042,259,0.052,266,0.084,192,0.272,188,0.561,196,0.576,192,0.464,200,0.285,200,0.161,210,0.118,214,0.089,222,0.078,260,0.088,263,0.100,257,0.104,282,0.090,271,0.070,260,0.035,268,0.040,264
<FINISH>
   60,25,08,19,00,38,14,05,0.33,3.30,144.0,20892.000,0.41,4.30,0.0,53,0.059,247,0.067,235,0.046,240,0.058,233,0.065,225,0.062,226,0.055,226,0.074,232,0.079,230,0.063,235,0.069,236,0.064,233,0.068,235,0.062,235,0.066,241,0.064,233,0.064,237,0.061,240,0.062,245,0.063,239,0.070,253,0.075,251,0.067,248,0.068,246,0.064,258,0.067,268,0.065,259,0.076,267,0.055,257,0.049,259,0.038,263,0.049,262,0.042,263,0.044,270,0.023,239,0.036,267,0.045,198,0.254,194,0.534,196,0.425,210,0.311,205,0.160,193,0.091,220,0.066,242,0.063,261,0.050,255,0.033,291,0.048,259,0.069,251,0.071,223,0.048,221,0.048,233,0.039,243
<FINISH>
   61,25,08,19,00,58,14,06,0.36,14.90,0.0,20896.000,0.46,4.80,15.0,53,0.063,184,0.061,196,0.073,204,0.072,194,0.071,202,0.072,206,0.092,211,0.092,211,0.079,223,0.072,218,0.078,216,0.072,229,0.079,219,0.077,232,0.077,228,0.098,244,0.078,247,0.074,248,0.065,257,0.074,250,0.076,247,0.066,259,0.070,259,0.080,261,0.081,262,0.064,259,0.073,262,0.053,260,0.059,271,0.054,277,0.062,281,0.071,278,0.066,280,0.054,275,0.035,267,0.045,252,0.067,195,0.251,192,0.457,196,0.460,193,0.415,182,0.253,188,0.101,193,0.089,196,0.040,180,0.008,277,0.035,282,0.054,250,0.063,271,0.080,264,0.078,269,0.064,256,0.051,269
<FINISH>
   62,25,08,19,01,18,14,07,0.40,9.40,332.0,20884.000,0.51,4.60,339.0,53,0.078,280,0.073,266,0.077,274,0.069,273,0.065,274,0.076,263,0.067,272,0.065,257,0.055,263,0.057,249,0.050,248,0.041,245,0.048,254,0.049,239,0.047,245,0.053,259,0.057,230,0.056,227,0.054,239,0.052,238,0.043,232,0.060,246,0.053,243,0.052,238,0.049,225,0.042,224,0.053,223,0.071,215,0.061,222,0.068,224,0.070,226,0.050,208,0.076,214,0.077,219,0.088,203,0.104,218,0.075,180,0.221,177,0.497,169,0.469,177,0.392,181,0.288,181,0.181,194,0.101,208,0.073,226,0.060,240,0.074,223,0.066,228,0.060,195,0.064,202,0.079,162,0.047,196,0.051,164
<FINISH>
   63,25,08,19,01,38,14,08,0.40,4.10,325.0,20877.000,0.51,4.30,320.0,53,0.064,237,0.056,241,0.062,230,0.067,234,0.049,225,0.064,231,0.066,238,0.064,228,0.073,223,0.068,226,0.070,215,0.047,222,0.056,213,0.072,235,0.058,235,0.062,226,0.062,233,0.057,245,0.059,240,0.059,236,0.054,252,0.055,244,0.039,257,0.049,256,0.037,254,0.041,277,0.054,261,0.055,263,0.041,244,0.049,261,0.049,262,0.047,266,0.042,255,0.048,259,0.067,247,0.080,244,0.062,179,0.183,180,0.364,178,0.246,199,0.321,199,0.105,211,0.074,217,0.079,228,0.027,250,0.050,275,0.053,268,0.066,234,0.077,231,0.071,227,0.064,217,0.067,215,0.050,208
<FINISH>
   64,25,08,19,01,58,14,09,0.31,16.90,132.0,20876.000,0.40,4.70,91.0,53,0.016,  4,0.013,279,0.020,307,0.017,267,0.043,251,0.049,243,0.053,236,0.067,227,0.073,221,0.070,209,0.058,226,0.053,229,0.071,224,0.064,229,0.057,226,0.074,237,0.062,237,0.056,226,0.061,225,0.073,242,0.061,232,0.049,226,0.044,225,0.055,238,0.046,243,0.065,243,0.046,224,0.050,231,0.037,225,0.037,211,0.034,236,0.016,225,0.019,223,0.013,283,0.015,286,0.011,260,0.094,187,0.268,191,0.246,169,0.085,251,0.065,239,0.012,318,0.028,262,0.032,234,0.064,236,0.090,224,0.078,228,0.078,235,0.077,244,0.084,258,0.069,239,0.099,238,0.097,230
<FINISH>
   65,25,08,19,02,18,14,10,0.30,3.20,329.0,20845.000,0.38,4.30,349.0,53,0.026,324,0.027,332,0.041,285,0.044,249,0.053,254,0.050,236,0.041,225,0.050,229,0.054,227,0.061,221,0.059,207,0.063,211,0.054,203,0.060,208,0.054,213,0.051,209,0.060,209,0.054,210,0.052,206,0.047,224,0.038,200,0.029,200,0.040,205,0.049,221,0.052,209,0.043,216,0.030,201,0.032,210,0.041,223,0.035,211,0.029,218,0.021,211,0.027,228,0.024,232,0.022,249,0.034,291,0.101,188,0.275,192,0.188,204,0.069,250,0.028,229,0.023,340,0.028,240,0.035,198,0.044,215,0.074,206,0.075,206,0.077,209,0.058,208,0.095,219,0.075,227,0.074,211,0.079,204
<FINISH>
   66,25,08,19,02,38,14,12,0.32,14.90,334.0,20812.000,0.41,5.00,334.0,53,0.046,272,0.053,285,0.047,276,0.048,259,0.040,252,0.046,237,0.042,266,0.038,253,0.033,249,0.019,242,0.024,210,0.021,221,0.023,200,0.037,188,0.036,170,0.040,153,0.060,157,0.061,160,0.067,157,0.072,156,0.079,155,0.077,153,0.086,147,0.086,148,0.074,144,0.049,134,0.060,140,0.053,134,0.068,127,0.055,138,0.041,155,0.037,136,0.023,149,0.022,153,0.002, 27,0.012,185,0.119,180,0.356,187,0.530,186,0.280,187,0.218,191,0.186,203,0.169,194,0.135,192,0.113,199,0.104,191,0.103,187,0.113,185,0.108,186,0.102,187,0.081,184,0.068,181,0.073,185
<FINISH>
   67,25,08,19,02,58,14,13,0.29,11.10,4.0,20794.000,0.37,4.60,29.0,53,0.050,254,0.051,246,0.045,250,0.042,269,0.051,272,0.044,275,0.061,279,0.059,280,0.063,279,0.041,290,0.050,291,0.049,282,0.042,285,0.023,283,0.021,208,0.017,201,0.023,190,0.018,180,0.025,154,0.021,141,0.020,127,0.028,103,0.032,106,0.032,125,0.015,143,0.023,139,0.023,137,0.014,129,0.019,129,0.015,132,0.014,126,0.006,180,0.002,  0,0.016, 60,0.018,319,0.004, 56,0.144,187,0.380,187,0.279,191,0.084,212,0.066,212,0.013,228,0.002,207,0.008,203,0.027,236,0.051,188,0.060,190,0.077,206,0.084,203,0.065,193,0.033,198,0.030,152,0.048,169
<FINISH>
   68,25,08,19,03,18,14,14,0.32,3.50,315.0,20749.000,0.40,4.50,304.0,53,0.042,204,0.043,219,0.038,208,0.045,207,0.043,214,0.038,202,0.028,224,0.037,206,0.033,220,0.032,219,0.041,209,0.042,223,0.053,212,0.038,205,0.032,206,0.035,226,0.040,220,0.051,210,0.041,211,0.052,214,0.036,218,0.038,194,0.030,225,0.032,231,0.043,198,0.023,178,0.021,247,0.011,229,0.020,261,0.008,247,0.026,279,0.016,356,0.013,315,0.015,298,0.028,356,0.031, 22,0.153,193,0.444,194,0.416,189,0.253,220,0.224,202,0.161,200,0.142,193,0.112,198,0.105,202,0.096,191,0.103,202,0.101,197,0.129,196,0.121,200,0.134,197,0.138,204,0.133,198
<FINISH>
   69,25,08,19,03,38,14,15,0.32,14.90,318.0,20729.000,0.40,4.60,344.0,53,0.045,215,0.078,212,0.060,216,0.052,210,0.047,201,0.051,218,0.057,211,0.049,204,0.041,212,0.045,209,0.032,214,0.028,228,0.020,210,0.041,219,0.022,283,0.011,326,0.002,270,0.020,345,0.011,  5,0.014, 30,0.029, 12,0.030,356,0.024,348,0.020,354,0.029,322,0.021,325,0.039,325,0.032,292,0.048,330,0.042,335,0.046,323,0.051,268,0.048,277,0.060,275,0.070,269,0.066,249,0.147,191,0.380,197,0.501,199,0.426,203,0.243,212,0.141,224,0.092,248,0.081,247,0.096,254,0.102,251,0.081,244,0.081,239,0.053,223,0.062,232,0.059,256,0.062,248,0.061,246
<FINISH>
   70,25,08,19,03,58,14,16,0.29,3.30,143.0,20695.000,0.37,4.30,338.0,53,0.049,242,0.041,238,0.040,233,0.042,237,0.031,220,0.042,228,0.033,213,0.041,209,0.037,215,0.034,199,0.030,203,0.033,201,0.024,178,0.031,202,0.022,201,0.020,177,0.029,164,0.015,164,0.023, 95,0.022, 87,0.027, 82,0.021, 61,0.030, 70,0.021, 37,0.010, 11,0.026,339,0.008, 40,0.015,349,0.044,352,0.047,345,0.050,326,0.062,328,0.042,305,0.036,316,0.058,308,0.065,243,0.169,188,0.454,190,0.329,197,0.258,203,0.155,218,0.089,222,0.055,239,0.057,239,0.052,232,0.064,228,0.050,214,0.042,216,0.062,201,0.049,181,0.043,226,0.043,233,0.041,245
<FINISH>
   71,25,08,19,04,18,14,17,0.30,3.50,105.0,20681.000,0.38,4.90,111.0,53,0.039,198,0.048,201,0.042,214,0.051,217,0.044,210,0.051,204,0.043,213,0.050,211,0.051,211,0.049,216,0.052,212,0.040,222,0.039,193,0.039,220,0.045,194,0.033,189,0.026,209,0.023,220,0.033,232,0.009,238,0.006,189,0.015,344,0.017,310,0.027,324,0.029,314,0.024,351,0.036,302,0.024,327,0.009,339,0.039,359,0.044,336,0.031,343,0.035,340,0.048,322,0.053,308,0.029,305,0.142,181,0.328,189,0.116,270,0.065,259,0.044,245,0.034,267,0.034,293,0.036,276,0.028,252,0.014,278,0.020,221,0.021,188,0.057,175,0.043,229,0.059,231,0.023,232,0.009,238
<FINISH>
   72,25,08,19,04,38,14,18,0.33,14.90,0.0,20647.000,0.42,5.20,345.0,53,0.056,213,0.065,225,0.062,216,0.058,211,0.072,222,0.057,228,0.054,222,0.041,212,0.045,211,0.042,230,0.020,229,0.040,227,0.032,235,0.026,241,0.030,276,0.024,287,0.036,270,0.026,268,0.014,262,0.032,257,0.031,263,0.021,275,0.021,309,0.022,321,0.045,304,0.045,302,0.031,323,0.037,326,0.042,310,0.059,305,0.053,314,0.069,318,0.056,310,0.051,298,0.062,294,0.017,201,0.101,169,0.228,173,0.123,319,0.074,307,0.050,125,0.044,259,0.050,276,0.045,248,0.061,262,0.076,265,0.054,267,0.055,261,0.053,258,0.042,269,0.018,221,0.051,242,0.040,249
<FINISH>
   73,25,08,19,04,58,14,19,0.31,11.10,348.0,20635.000,0.39,4.80,349.0,53,0.071,189,0.068,191,0.069,189,0.068,182,0.065,197,0.075,185,0.073,188,0.073,198,0.067,188,0.067,200,0.051,217,0.054,212,0.049,207,0.047,224,0.044,225,0.040,212,0.047,220,0.043,224,0.039,241,0.033,241,0.028,249,0.031,274,0.034,293,0.032,302,0.042,287,0.032,304,0.059,312,0.069,319,0.057,322,0.069,310,0.058,315,0.065,309,0.075,299,0.076,299,0.075,295,0.045,246,0.110,186,0.444,173,0.082,305,0.101,287,0.069,270,0.048,272,0.047,281,0.054,287,0.040,302,0.035,268,0.032,266,0.034,240,0.024,265,0.012,279,0.049,270,0.036,268,0.015,278
<FINISH>
   74,25,08,19,05,18,14,20,0.29,4.10,334.0,20626.000,0.37,4.70,351.0,53,0.022,248,0.028,255,0.034,242,0.037,246,0.040,257,0.026,245,0.025,252,0.020,261,0.037,267,0.037,270,0.041,277,0.027,278,0.034,265,0.030,266,0.028,262,0.029,258,0.031,276,0.032,256,0.033,245,0.034,268,0.023,283,0.029,258,0.017,230,0.024,251,0.030,247,0.037,239,0.025,241,0.040,228,0.040,237,0.038,240,0.041,229,0.044,235,0.056,226,0.038,237,0.040,224,0.041,198,0.069,214,0.191,212,0.191,278,0.088,282,0.050,235,0.047,235,0.056,240,0.072,229,0.071,224,0.067,235,0.062,221,0.064,228,0.065,235,0.046,221,0.058,233,0.038,231,0.039,258
<FINISH>
   75,25,08,19,05,38,14,21,0.30,10.20,304.0,20627.000,0.38,4.90,263.0,53,0.032,279,0.029,292,0.040,276,0.045,270,0.038,255,0.032,286,0.028,262,0.032,250,0.023,232,0.024,242,0.021,275,0.022,252,0.030,244,0.029,218,0.025,217,0.024,235,0.019,219,0.036,203,0.038,197,0.043,204,0.041,214,0.043,195,0.050,195,0.050,192,0.046,193,0.040,202,0.035,209,0.041,208,0.038,195,0.030,207,0.050,220,0.055,230,0.042,224,0.050,226,0.038,221,0.043,221,0.124,246,0.439,254,0.581,266,0.443,274,0.125,266,0.064,242,0.059,222,0.081,228,0.086,220,0.079,238,0.078,240,0.092,236,0.076,241,0.079,239,0.072,213,0.072,221,0.056,207
<FINISH>
   76,25,08,19,05,58,14,22,0.28,4.20,216.0,20623.000,0.36,4.70,287.0,53,0.064,302,0.061,293,0.064,294,0.055,297,0.051,290,0.037,296,0.042,285,0.033,265,0.021,245,0.027,225,0.037,216,0.039,226,0.042,204,0.039,211,0.057,190,0.058,197,0.053,206,0.068,196,0.077,193,0.078,200,0.074,188,0.084,192,0.086,186,0.076,186,0.073,193,0.055,195,0.052,198,0.044,192,0.030,229,0.034,220,0.032,214,0.047,220,0.038,235,0.038,230,0.035,267,0.052,200,0.110,227,0.324,238,0.272,265,0.276,263,0.151,268,0.086,259,0.074,250,0.054,248,0.072,241,0.067,250,0.087,258,0.096,262,0.067,267,0.060,265,0.059,265,0.050,240,0.043,232
<FINISH>
   77,25,08,19,06,18,14,23,0.27,3.50,6.0,20639.000,0.34,5.10,4.0,53,0.044,297,0.048,296,0.034,304,0.031,297,0.027,306,0.020,246,0.020,246,0.019,215,0.019,196,0.029,192,0.032,193,0.023,182,0.032,193,0.028,190,0.043,199,0.042,197,0.051,186,0.058,189,0.050,189,0.046,190,0.035,188,0.042,185,0.045,200,0.041,200,0.055,194,0.049,209,0.042,197,0.045,212,0.056,219,0.048,217,0.031,245,0.042,260,0.046,268,0.046,266,0.066,287,0.024,277,0.066,187,0.029,326,0.103,314,0.088,294,0.038,288,0.046,285,0.060,285,0.061,290,0.046,280,0.050,257,0.051,238,0.037,241,0.052,246,0.037,250,0.031,211,0.045,233,0.039,217
<FINISH>
   78,25,08,19,06,38,14,24,0.27,3.70,318.0,20646.000,0.34,4.50,318.0,53,0.060,172,0.065,176,0.059,187,0.060,182,0.045,200,0.041,173,0.035,183,0.038,205,0.043,220,0.037,202,0.035,233,0.029,224,0.028,218,0.022,201,0.019,231,0.025,272,0.026,272,0.029,268,0.024,263,0.021,229,0.013,207,0.027,243,0.033,256,0.016,235,0.033,252,0.049,227,0.023,250,0.037,262,0.035,277,0.045,292,0.045,288,0.040,276,0.053,291,0.074,284,0.074,312,0.031,292,0.075,183,0.085,210,0.129,308,0.126,292,0.059,303,0.060,294,0.067,303,0.047,304,0.057,306,0.039,277,0.032,261,0.037,234,0.035,226,0.031,232,0.031,239,0.017,270,0.027,234
<FINISH>
