    1,26,01,15,10,49,06,81,0.51,5.40,135.0,20803.000,0.65,6.60,94.0,53,0.024,353,0.016,349,0.004,146,0.006,  9,0.016,150,0.013,129,0.006,198,0.014,176,0.020,153,0.034,150,0.038,141,0.045,130,0.050,146,0.033,145,0.035,139,0.039,121,0.038,115,0.039,109,0.030,105,0.032,112,0.026,122,0.027,132,0.045,151,0.027,132,0.028,107,0.040,124,0.031,105,0.032, 97,0.033,104,0.028, 94,0.027, 90,0.030,102,0.019,102,0.011,117,0.021,118,0.011,142,0.086,138,0.251,149,0.576,152,0.706,152,0.668,162,0.503,176,0.305,168,0.190,165,0.171,161,0.172,154,0.187,149,0.173,150,0.157,139,0.155,145,0.150,144,0.137,142,-32768.000,-32768
<FINISH>
    2,26,01,15,11,19,06,81,0.52,19.50,241.0,20762.000,0.67,6.90,48.0,53,0.009, 54,0.010, 24,0.006,342,0.007, 82,0.005, 53,0.024,150,0.022,167,0.032,144,0.033,168,0.035,167,0.031,159,0.033,171,0.034,150,0.041,166,0.042,153,0.042,153,0.032,164,0.027,146,0.039,149,0.031,153,0.034,157,0.030,154,0.016,173,0.016,128,0.015, 67,0.023, 85,0.022,120,0.025, 76,0.013,108,0.011, 27,0.006,321,0.017,298,0.007, 45,0.009, 54,0.013, 45,0.050,129,0.114,140,0.228,171,0.583,164,0.653,161,0.563,175,0.469,182,0.328,179,0.211,173,0.174,174,0.168,170,0.137,170,0.138,164,0.107,157,0.126,161,0.121,161,0.119,153,-32768.000,-32768
<FINISH>
    3,26,01,15,11,49,06,81,0.53,5.40,200.0,20739.000,0.67,6.30,242.0,53,0.012,145,0.031,123,0.025,111,0.034,128,0.018,142,0.025,140,0.031,140,0.023,155,0.037,135,0.044,135,0.034,148,0.022,148,0.038,158,0.030,166,0.036,144,0.033,153,0.030,131,0.030,140,0.023,140,0.027,144,0.028,163,0.018,167,0.011,214,0.006,180,0.003,198,0.009,159,0.006,180,0.007,333,0.009,342,0.013, 23,0.016,325,0.017,294,0.025,288,0.021,311,0.009,288,0.034, 83,0.119,126,0.267,150,0.643,153,0.635,150,0.603,166,0.457,179,0.292,171,0.214,164,0.190,162,0.171,158,0.170,165,0.169,149,0.142,150,0.172,153,0.145,154,0.135,147,-32768.000,-32768
<FINISH>
    4,26,01,15,12,19,06,81,0.41,12.10,111.0,20706.000,0.53,6.80,64.0,53,0.048,151,0.038,166,0.035,173,0.036,156,0.030,160,0.027,160,0.028,154,0.020,174,0.020,143,0.023,160,0.019,180,0.019,162,0.016,223,0.027,214,0.017,211,0.013,222,0.025,230,0.028,222,0.022,234,0.016,243,0.015,318,0.018,308,0.019,273,0.029,286,0.023,283,0.016,317,0.018,319,0.035,333,0.040,354,0.039,337,0.039,330,0.041,332,0.044,354,0.038,327,0.053,319,0.034, 38,0.131,143,0.290,176,0.486,164,0.515,163,0.591,176,0.489,183,0.377,181,0.269,178,0.225,184,0.214,185,0.203,183,0.191,176,0.156,173,0.156,170,0.127,171,0.114,160,-32768.000,-32768
<FINISH>
    5,26,01,15,12,49,06,81,0.49,16.90,151.0,20698.000,0.62,6.80,176.0,53,0.022,120,0.021,145,0.040,166,0.028,150,0.034,152,0.040,160,0.031,173,0.035,173,0.021,185,0.017,183,0.013,198,0.017,237,0.016,220,0.028,231,0.032,221,0.022,231,0.020,210,0.018,248,0.019,267,0.030,261,0.026,259,0.028,257,0.021,253,0.034,263,0.039,297,0.032,316,0.024,327,0.035,344,0.038,353,0.045,351,0.046,338,0.049,331,0.057,329,0.041,331,0.040,337,0.059, 14,0.106,158,0.292,161,0.506,165,0.479,167,0.426,174,0.372,183,0.266,179,0.184,185,0.165,179,0.168,176,0.163,176,0.147,171,0.147,171,0.146,166,0.127,169,0.116,157,-32768.000,-32768
<FINISH>
    6,26,01,15,13,19,06,81,0.68,5.00,147.0,20715.000,0.87,6.20,341.0,53,0.022,112,0.009,122,0.019,108,0.016,158,0.017,170,0.023,165,0.032,164,0.026,189,0.036,193,0.042,208,0.046,198,0.021,219,0.019,177,0.023,203,0.021,205,0.022,196,0.013,207,0.021,231,0.020,237,0.022,248,0.021,242,0.024,303,0.027,268,0.025,288,0.031,289,0.050,313,0.049,325,0.051,333,0.051,337,0.063,333,0.085,331,0.061,335,0.061,336,0.031,338,0.025,323,0.013,209,0.120,154,0.315,165,0.633,165,0.682,165,0.716,166,0.690,177,0.679,175,0.600,174,0.465,169,0.378,168,0.346,168,0.280,168,0.222,164,0.219,163,0.183,164,0.163,162,-32768.000,-32768
<FINISH>
    7,26,01,15,13,49,06,81,0.51,19.50,9.0,20737.000,0.64,6.80,61.0,53,0.038,342,0.027,332,0.029,297,0.031,308,0.031,307,0.029,301,0.029,280,0.025,293,0.024,324,0.034,317,0.047,312,0.027,301,0.035,309,0.044,322,0.036,322,0.046,324,0.053,321,0.054,316,0.067,328,0.055,328,0.066,342,0.057,332,0.068,348,0.060,339,0.048,338,0.035,338,0.023,283,0.006,309,0.016,158,0.047,163,0.086,152,0.097,148,0.124,150,0.147,150,0.158,153,0.131,172,0.120,127,0.209,154,0.477,163,0.523,161,0.446,176,0.375,175,0.277,167,0.223,165,0.191,159,0.182,163,0.161,173,0.153,166,0.125,164,0.108,161,0.085,154,0.084,157,-32768.000,-32768
<FINISH>
    8,26,01,15,14,19,06,81,0.50,16.90,153.0,20761.000,0.63,7.10,287.0,53,0.027,343,0.024,332,0.022,326,0.025,302,0.027,298,0.026,323,0.023,285,0.031,306,0.036,304,0.051,292,0.036,304,0.030,318,0.055,314,0.052,314,0.055,321,0.057,318,0.060,309,0.061,304,0.061,297,0.057,309,0.057,310,0.045,314,0.034,324,0.019,321,0.008,  0,0.005,127,0.023,140,0.037,124,0.057,141,0.080,132,0.085,130,0.103,122,0.113,128,0.135,125,0.143,128,0.093,147,0.079,117,0.043,113,0.062,166,0.125,141,0.153,135,0.147,139,0.146,125,0.120,130,0.081,135,0.087,133,0.045,149,0.052,144,0.031,140,0.033,140,0.015,152,0.003, 90,-32768.000,-32768
<FINISH>
    9,26,01,15,14,49,06,81,0.57,5.00,149.0,20824.000,0.72,6.30,143.0,53,0.018,273,0.022,254,0.022,278,0.023,270,0.027,270,0.030,297,0.036,294,0.035,315,0.047,324,0.040,323,0.043,342,0.046,324,0.049,314,0.041,304,0.048,322,0.052,302,0.065,309,0.062,295,0.032,268,0.034,212,0.034,203,0.027,144,0.015,122,0.024, 68,0.035, 92,0.035, 77,0.044, 70,0.054, 78,0.053,101,0.077,106,0.098,115,0.122,124,0.140,129,0.153,130,0.167,128,0.100,164,0.063, 95,0.026, 40,0.045,226,0.097,180,0.141,159,0.130,145,0.149,138,0.139,134,0.100,133,0.075,135,0.041,119,0.008,157,0.015,293,0.033,349,0.044,324,0.042,322,-32768.000,-32768
<FINISH>
   10,26,01,15,15,19,06,81,0.63,5.00,25.0,20901.000,0.80,5.90,38.0,53,0.030,233,0.032,202,0.035,215,0.031,222,0.024,248,0.020,276,0.028,296,0.026,277,0.027,298,0.032,294,0.039,316,0.045,332,0.056,322,0.058,330,0.061,323,0.071,317,0.066,311,0.073,293,0.068,289,0.058,289,0.054,298,0.043,271,0.012,305,0.018, 41,0.022, 74,0.027, 59,0.027, 86,0.042, 69,0.023, 72,0.039, 63,0.039, 81,0.049,102,0.058,101,0.059,120,0.076,128,0.062,134,0.095,111,0.046, 71,0.249, 54,0.501, 61,0.422, 60,0.221, 49,0.224, 53,0.267, 60,0.282, 70,0.249, 67,0.245, 69,0.239, 68,0.203, 75,0.167, 79,0.150, 75,0.113, 73,-32768.000,-32768
<FINISH>
   11,26,01,15,15,49,06,81,0.49,5.00,249.0,20988.000,0.63,6.40,340.0,53,0.060,207,0.054,218,0.060,222,0.060,204,0.057,211,0.049,215,0.052,204,0.049,216,0.045,228,0.042,240,0.035,254,0.033,249,0.024,285,0.037,334,0.040,323,0.039,348,0.033,353,0.039,343,0.042,341,0.030,333,0.026,349,0.036,  3,0.042,  7,0.046,356,0.035,345,0.028,350,0.016,256,0.033,245,0.042,215,0.026,196,0.016,130,0.038,123,0.041,115,0.057,108,0.052,107,0.077, 99,0.086, 85,0.124, 98,0.249, 78,0.370, 59,0.328, 66,0.257, 46,0.277, 73,0.279, 74,0.274, 77,0.245, 79,0.227, 76,0.189, 76,0.148, 81,0.124, 79,0.092, 84,0.078, 89,-32768.000,-32768
<FINISH>
   12,26,01,15,16,19,06,81,0.45,19.50,57.0,21071.000,0.57,6.90,255.0,53,0.033,218,0.041,202,0.037,207,0.036,207,0.031,213,0.035,204,0.042,204,0.046,221,0.047,228,0.044,232,0.038,228,0.038,233,0.026,234,0.017,263,0.025,282,0.026,301,0.031,291,0.038,300,0.049,271,0.075,260,0.061,257,0.069,271,0.061,285,0.042,298,0.047,325,0.042,336,0.031,341,0.026,329,0.011,260,0.018,214,0.024,161,0.026,196,0.023,155,0.061,128,0.053,127,0.040, 86,0.008,  0,0.040, 81,0.143, 67,0.394, 33,0.424, 34,0.430, 58,0.345, 50,0.342, 45,0.282, 55,0.211, 44,0.185, 50,0.158, 47,0.141, 58,0.125, 54,0.088, 53,0.078, 58,-32768.000,-32768
<FINISH>
   13,26,01,15,16,49,06,81,0.47,16.90,337.0,21169.000,0.60,6.80,332.0,53,0.034,238,0.026,239,0.039,230,0.045,230,0.042,224,0.029,218,0.034,225,0.039,220,0.037,218,0.028,212,0.039,216,0.037,232,0.041,247,0.034,246,0.037,239,0.036,257,0.045,262,0.061,257,0.079,239,0.096,238,0.104,244,0.103,241,0.098,251,0.085,249,0.087,255,0.067,256,0.057,269,0.033,311,0.030,320,0.025,320,0.008, 76,0.011,142,0.022,164,0.015,127,0.030,116,0.059, 66,0.068, 40,0.055, 85,0.093, 57,0.310, 30,0.371, 37,0.404, 55,0.290, 55,0.284, 44,0.277, 49,0.240, 49,0.225, 53,0.190, 52,0.168, 50,0.143, 50,0.093, 54,0.078, 44,-32768.000,-32768
<FINISH>
   14,26,01,15,17,19,06,81,0.63,5.00,213.0,21252.000,0.80,5.90,178.0,53,0.010,217,0.010,246,0.020,246,0.017,201,0.017,197,0.019,234,0.027,204,0.024,178,0.018,202,0.018,202,0.019,216,0.023,223,0.035,213,0.050,235,0.047,230,0.043,228,0.050,214,0.055,224,0.053,226,0.066,235,0.074,237,0.076,236,0.097,235,0.092,240,0.090,242,0.099,247,0.084,250,0.080,258,0.081,259,0.071,264,0.048,272,0.023,319,0.030,  4,0.045, 20,0.037, 22,0.045, 31,0.061, 20,0.005,158,0.135, 78,0.264, 42,0.328, 36,0.302, 46,0.155, 39,0.156, 57,0.169, 56,0.163, 56,0.155, 47,0.151, 54,0.147, 56,0.121, 59,0.091, 63,0.095, 59,-32768.000,-32768
<FINISH>
   15,26,01,15,17,49,06,81,0.47,5.20,351.0,21338.000,0.60,6.40,43.0,53,0.028, 35,0.009,347,0.015, 20,0.008, 14,0.010,151,0.014,115,0.009, 96,0.008,187,0.008,225,0.009,162,0.011,195,0.010,204,0.012,185,0.026,211,0.029,226,0.025,198,0.054,213,0.066,224,0.084,219,0.097,230,0.108,222,0.102,227,0.122,224,0.112,231,0.105,225,0.114,225,0.110,224,0.101,233,0.095,232,0.090,235,0.077,239,0.059,248,0.038,258,0.012,305,0.027,297,0.044,294,0.031,356,0.055, 63,0.178, 46,0.360, 29,0.417, 24,0.331, 30,0.236, 36,0.179, 25,0.189, 27,0.183, 31,0.165, 35,0.173, 35,0.173, 31,0.150, 31,0.135, 33,0.136, 40,-32768.000,-32768
<FINISH>
   16,26,01,15,18,19,06,81,0.61,5.00,167.0,21408.000,0.78,6.10,285.0,53,0.013,257,0.016,191,0.014,188,0.028,178,0.030,197,0.028,178,0.032,196,0.029,198,0.038,158,0.033,171,0.041,173,0.046,187,0.043,184,0.050,179,0.063,170,0.065,181,0.073,184,0.059,179,0.071,184,0.067,184,0.067,179,0.084,193,0.071,202,0.071,198,0.064,213,0.076,216,0.081,216,0.076,224,0.082,231,0.091,234,0.098,248,0.102,260,0.080,264,0.068,267,0.062,287,0.050,323,0.063,355,0.022,122,0.100, 45,0.350, 37,0.394, 14,0.415, 16,0.300, 28,0.306, 13,0.319, 12,0.305, 18,0.272, 26,0.254, 26,0.233, 26,0.189, 24,0.149, 26,0.123, 18,-32768.000,-32768
<FINISH>
   17,26,01,15,18,49,06,81,0.65,5.00,37.0,21457.000,0.82,6.50,328.0,53,0.029,215,0.024,225,0.036,226,0.034,217,0.037,207,0.043,199,0.043,196,0.042,207,0.039,187,0.026,196,0.038,187,0.030,204,0.032,212,0.033,201,0.029,182,0.038,194,0.048,210,0.040,200,0.040,213,0.032,185,0.034,210,0.034,194,0.040,196,0.034,212,0.035,224,0.046,219,0.056,216,0.071,220,0.074,224,0.088,219,0.085,237,0.092,252,0.090,246,0.073,259,0.063,291,0.067,308,0.050,341,0.029,  4,0.098, 46,0.230, 54,0.379, 18,0.361, 33,0.272, 34,0.190, 27,0.186, 28,0.180, 38,0.184, 41,0.177, 37,0.171, 45,0.156, 37,0.136, 40,0.106, 38,-32768.000,-32768
<FINISH>
   18,26,01,15,19,19,06,81,0.51,5.40,29.0,21492.000,0.65,6.10,31.0,53,0.014,231,0.023,250,0.013,238,0.020,273,0.014,210,0.022,248,0.010,233,0.019,208,0.021,219,0.023,227,0.025,233,0.016,243,0.034,214,0.037,232,0.025,241,0.004,270,0.010,270,0.015,203,0.011,232,0.009,264,0.009,276,0.020,273,0.033,241,0.034,227,0.036,222,0.058,228,0.070,212,0.095,213,0.078,212,0.097,217,0.088,220,0.082,225,0.062,238,0.069,265,0.070,288,0.073,313,0.053,339,0.024, 35,0.109, 64,0.253, 37,0.348, 23,0.329, 36,0.198, 41,0.163, 38,0.181, 34,0.171, 32,0.169, 38,0.173, 35,0.167, 45,0.160, 43,0.139, 39,0.113, 46,-32768.000,-32768
<FINISH>
   19,26,01,15,19,49,06,81,0.73,5.00,189.0,21505.000,0.93,5.60,202.0,53,0.012,194,0.021,194,0.016,158,0.012,239,0.011,229,0.018,196,0.007,225,0.025,212,0.024,235,0.025,223,0.007,254,0.011,185,0.014,210,0.018,225,0.013,257,0.009,270,0.020,294,0.018,279,0.024,289,0.011,243,0.011,232,0.010,253,0.009,207,0.019,201,0.022,214,0.028,215,0.046,214,0.049,212,0.052,212,0.070,212,0.067,212,0.048,231,0.045,269,0.046,294,0.074,299,0.075,321,0.073,335,0.029,100,0.142, 86,0.168, 77,0.242, 41,0.202, 54,0.161, 65,0.127, 36,0.137, 33,0.153, 32,0.139, 36,0.149, 39,0.147, 46,0.131, 48,0.102, 63,0.072, 66,-32768.000,-32768
<FINISH>
